category	dataset	image	filename	tp_volume	fp_volume	fn_volume	tp_length	fp_length	fn_length	tp_count	fp_count	fn_count	distance	Unnamed: 0	my_metric
false_component	Roads	img_0	gt.png	148257.0	0.0	0.0	21040.0	0.0	0.0	8.0	0.0	0.0		0	1
false_component	Roads	img_0	pred_0.png	148257.0	2054.0	0.0	21040.0	285.0	0.0	8.0	6.0	0.0		2	1
false_component	Roads	img_0	pred_1.png	148257.0	3502.0	0.0	21040.0	504.0	0.0	8.0	11.0	0.0		11	1
false_component	Roads	img_0	pred_2.png	148257.0	3987.0	0.0	21040.0	636.0	0.0	8.0	16.0	0.0		6	1
false_component	Roads	img_0	pred_3.png	148257.0	6176.0	0.0	21040.0	877.0	0.0	8.0	21.0	0.0		13	1
false_component	Roads	img_0	pred_4.png	148257.0	6979.0	0.0	21040.0	1062.0	0.0	8.0	26.0	0.0		7	1
false_component	Roads	img_0	pred_5.png	148257.0	8281.0	0.0	21040.0	1198.0	0.0	8.0	31.0	0.0		14	1
false_component	Roads	img_0	pred_6.png	148257.0	9112.0	0.0	21040.0	1351.0	0.0	8.0	36.0	0.0		9	1
false_component	Roads	img_0	pred_7.png	148257.0	10856.0	0.0	21040.0	1544.0	0.0	8.0	41.0	0.0		10	1
false_component	Roads	img_0	pred_8.png	148257.0	11887.0	0.0	21040.0	1697.0	0.0	8.0	46.0	0.0		19	1
false_component	Roads	img_0	pred_9.png	148257.0	12821.0	0.0	21040.0	1873.0	0.0	8.0	51.0	0.0		20	1
false_component	Roads	img_0	pred_10.png	148257.0	13692.0	0.0	21040.0	1982.0	0.0	8.0	55.0	0.0		5	1
false_component	Roads	img_0	pred_11.png	148257.0	15857.0	0.0	21040.0	2207.0	0.0	8.0	60.0	0.0		16	1
false_component	Roads	img_0	pred_12.png	148257.0	17494.0	0.0	21040.0	2389.0	0.0	8.0	65.0	0.0		17	1
false_component	Roads	img_0	pred_13.png	148257.0	19100.0	0.0	21040.0	2518.0	0.0	8.0	70.0	0.0		8	1
false_component	Roads	img_0	pred_14.png	148257.0	20606.0	0.0	21040.0	2675.0	0.0	8.0	75.0	0.0		12	1
false_component	Roads	img_0	pred_15.png	148257.0	21341.0	0.0	21040.0	2752.0	0.0	8.0	80.0	0.0		1	1
false_component	Roads	img_0	pred_16.png	148257.0	23138.0	0.0	21040.0	2924.0	0.0	8.0	85.0	0.0		3	1
false_component	Roads	img_0	pred_17.png	148257.0	24771.0	0.0	21040.0	3223.0	0.0	8.0	90.0	0.0		18	1
false_component	Roads	img_0	pred_18.png	148257.0	25784.0	0.0	21040.0	3333.0	0.0	8.0	95.0	0.0		4	1
false_component	Roads	img_0	pred_19.png	148257.0	27635.0	0.0	21040.0	3556.0	0.0	8.0	100.0	0.0		15	1
false_component	Roads	img_2	gt.png	206563.0	0.0	0.0	31942.0	0.0	0.0	8.0	0.0	0.0		0	1
false_component	Roads	img_2	pred_0.png	206563.0	2002.0	0.0	31942.0	212.0	0.0	8.0	6.0	0.0		2	1
false_component	Roads	img_2	pred_1.png	206563.0	4632.0	0.0	31942.0	458.0	0.0	8.0	11.0	0.0		11	1
false_component	Roads	img_2	pred_2.png	206563.0	7481.0	0.0	31942.0	742.0	0.0	8.0	16.0	0.0		6	1
false_component	Roads	img_2	pred_3.png	206563.0	10141.0	0.0	31942.0	1088.0	0.0	8.0	21.0	0.0		13	1
false_component	Roads	img_2	pred_4.png	206563.0	11961.0	0.0	31942.0	1286.0	0.0	8.0	26.0	0.0		7	1
false_component	Roads	img_2	pred_5.png	206563.0	13458.0	0.0	31942.0	1439.0	0.0	8.0	31.0	0.0		14	1
false_component	Roads	img_2	pred_6.png	206563.0	14456.0	0.0	31942.0	1708.0	0.0	8.0	36.0	0.0		9	1
false_component	Roads	img_2	pred_7.png	206563.0	16225.0	0.0	31942.0	1928.0	0.0	8.0	41.0	0.0		10	1
false_component	Roads	img_2	pred_8.png	206563.0	18943.0	0.0	31942.0	2155.0	0.0	8.0	46.0	0.0		19	1
false_component	Roads	img_2	pred_9.png	206563.0	20531.0	0.0	31942.0	2329.0	0.0	8.0	51.0	0.0		20	1
false_component	Roads	img_2	pred_10.png	206563.0	21694.0	0.0	31942.0	2442.0	0.0	8.0	55.0	0.0		5	1
false_component	Roads	img_2	pred_11.png	206563.0	23626.0	0.0	31942.0	2687.0	0.0	8.0	60.0	0.0		16	1
false_component	Roads	img_2	pred_12.png	206563.0	24650.0	0.0	31942.0	2810.0	0.0	8.0	65.0	0.0		17	1
false_component	Roads	img_2	pred_13.png	206563.0	27236.0	0.0	31942.0	3056.0	0.0	8.0	70.0	0.0		8	1
false_component	Roads	img_2	pred_14.png	206563.0	28199.0	0.0	31942.0	3144.0	0.0	8.0	75.0	0.0		12	1
false_component	Roads	img_2	pred_15.png	206563.0	28881.0	0.0	31942.0	3264.0	0.0	8.0	80.0	0.0		1	1
false_component	Roads	img_2	pred_16.png	206563.0	30856.0	0.0	31942.0	3464.0	0.0	8.0	85.0	0.0		3	1
false_component	Roads	img_2	pred_17.png	206563.0	32702.0	0.0	31942.0	3673.0	0.0	8.0	90.0	0.0		18	1
false_component	Roads	img_2	pred_18.png	206563.0	34762.0	0.0	31942.0	3959.0	0.0	8.0	95.0	0.0		4	1
false_component	Roads	img_2	pred_19.png	206563.0	36874.0	0.0	31942.0	4223.0	0.0	8.0	100.0	0.0		15	1
false_component	Roads	img_1	gt.png	190626.0	0.0	0.0	26311.0	0.0	0.0	5.0	0.0	0.0		0	1
false_component	Roads	img_1	pred_0.png	190626.0	1675.0	0.0	26311.0	154.0	0.0	5.0	6.0	0.0		2	1
false_component	Roads	img_1	pred_1.png	190626.0	4356.0	0.0	26311.0	353.0	0.0	5.0	11.0	0.0		11	1
false_component	Roads	img_1	pred_2.png	190626.0	6356.0	0.0	26311.0	521.0	0.0	5.0	16.0	0.0		6	1
false_component	Roads	img_1	pred_3.png	190626.0	8331.0	0.0	26311.0	637.0	0.0	5.0	21.0	0.0		13	1
false_component	Roads	img_1	pred_4.png	190626.0	9679.0	0.0	26311.0	733.0	0.0	5.0	26.0	0.0		7	1
false_component	Roads	img_1	pred_5.png	190626.0	11576.0	0.0	26311.0	882.0	0.0	5.0	31.0	0.0		14	1
false_component	Roads	img_1	pred_6.png	190626.0	14725.0	0.0	26311.0	1053.0	0.0	5.0	36.0	0.0		9	1
false_component	Roads	img_1	pred_7.png	190626.0	17015.0	0.0	26311.0	1182.0	0.0	5.0	41.0	0.0		10	1
false_component	Roads	img_1	pred_8.png	190626.0	19679.0	0.0	26311.0	1360.0	0.0	5.0	46.0	0.0		19	1
false_component	Roads	img_1	pred_9.png	190626.0	21875.0	0.0	26311.0	1521.0	0.0	5.0	51.0	0.0		20	1
false_component	Roads	img_1	pred_10.png	190626.0	23611.0	0.0	26311.0	1673.0	0.0	5.0	55.0	0.0		5	1
false_component	Roads	img_1	pred_11.png	190626.0	26067.0	0.0	26311.0	1810.0	0.0	5.0	60.0	0.0		16	1
false_component	Roads	img_1	pred_12.png	190626.0	27721.0	0.0	26311.0	1995.0	0.0	5.0	65.0	0.0		17	1
false_component	Roads	img_1	pred_13.png	190626.0	30198.0	0.0	26311.0	2206.0	0.0	5.0	70.0	0.0		8	1
false_component	Roads	img_1	pred_14.png	190626.0	31844.0	0.0	26311.0	2335.0	0.0	5.0	75.0	0.0		12	1
false_component	Roads	img_1	pred_15.png	190626.0	33203.0	0.0	26311.0	2419.0	0.0	5.0	80.0	0.0		1	1
false_component	Roads	img_1	pred_16.png	190626.0	34554.0	0.0	26311.0	2509.0	0.0	5.0	85.0	0.0		3	1
false_component	Roads	img_1	pred_17.png	190626.0	36721.0	0.0	26311.0	2720.0	0.0	5.0	90.0	0.0		18	1
false_component	Roads	img_1	pred_18.png	190626.0	38459.0	0.0	26311.0	2871.0	0.0	5.0	95.0	0.0		4	1
false_component	Roads	img_1	pred_19.png	190626.0	41175.0	0.0	26311.0	2997.0	0.0	5.0	100.0	0.0		15	1
false_component	Colon_cells	img_0	gt.png	11002.0	0.0	0.0	608.0	0.0	0.0	156.0	0.0	0.0		0	1
false_component	Colon_cells	img_0	pred_0.png	11002.0	222.0	0.0	608.0	15.0	0.0	156.0	6.0	0.0		2	1
false_component	Colon_cells	img_0	pred_1.png	11002.0	376.0	0.0	608.0	28.0	0.0	156.0	11.0	0.0		11	1
false_component	Colon_cells	img_0	pred_2.png	11002.0	637.0	0.0	608.0	42.0	0.0	156.0	16.0	0.0		6	1
false_component	Colon_cells	img_0	pred_3.png	11002.0	720.0	0.0	608.0	55.0	0.0	156.0	21.0	0.0		13	1
false_component	Colon_cells	img_0	pred_4.png	11002.0	885.0	0.0	608.0	67.0	0.0	156.0	26.0	0.0		7	1
false_component	Colon_cells	img_0	pred_5.png	11002.0	1037.0	0.0	608.0	82.0	0.0	156.0	31.0	0.0		14	1
false_component	Colon_cells	img_0	pred_6.png	11002.0	1219.0	0.0	608.0	95.0	0.0	156.0	36.0	0.0		9	1
false_component	Colon_cells	img_0	pred_7.png	11002.0	1392.0	0.0	608.0	109.0	0.0	156.0	41.0	0.0		10	1
false_component	Colon_cells	img_0	pred_8.png	11002.0	1492.0	0.0	608.0	125.0	0.0	156.0	46.0	0.0		19	1
false_component	Colon_cells	img_0	pred_9.png	11002.0	1595.0	0.0	608.0	135.0	0.0	156.0	51.0	0.0		20	1
false_component	Colon_cells	img_0	pred_10.png	11002.0	1728.0	0.0	608.0	146.0	0.0	156.0	55.0	0.0		5	1
false_component	Colon_cells	img_0	pred_11.png	11002.0	1893.0	0.0	608.0	158.0	0.0	156.0	60.0	0.0		16	1
false_component	Colon_cells	img_0	pred_12.png	11002.0	2065.0	0.0	608.0	168.0	0.0	156.0	65.0	0.0		17	1
false_component	Colon_cells	img_0	pred_13.png	11002.0	2195.0	0.0	608.0	182.0	0.0	156.0	70.0	0.0		8	1
false_component	Colon_cells	img_0	pred_14.png	11002.0	2374.0	0.0	608.0	192.0	0.0	156.0	75.0	0.0		12	1
false_component	Colon_cells	img_0	pred_15.png	11002.0	2478.0	0.0	608.0	206.0	0.0	156.0	80.0	0.0		1	1
false_component	Colon_cells	img_0	pred_16.png	11002.0	2640.0	0.0	608.0	218.0	0.0	156.0	85.0	0.0		3	1
false_component	Colon_cells	img_0	pred_17.png	11002.0	2817.0	0.0	608.0	232.0	0.0	156.0	90.0	0.0		18	1
false_component	Colon_cells	img_0	pred_18.png	11002.0	2881.0	0.0	608.0	245.0	0.0	156.0	95.0	0.0		4	1
false_component	Colon_cells	img_0	pred_19.png	11002.0	3037.0	0.0	608.0	257.0	0.0	156.0	100.0	0.0		15	1
false_component	Colon_cells	img_2	gt.png	22641.0	0.0	0.0	1257.0	0.0	0.0	239.0	0.0	0.0		0	1
false_component	Colon_cells	img_2	pred_0.png	22641.0	221.0	0.0	1257.0	17.0	0.0	239.0	6.0	0.0		2	1
false_component	Colon_cells	img_2	pred_1.png	22641.0	587.0	0.0	1257.0	36.0	0.0	239.0	11.0	0.0		11	1
false_component	Colon_cells	img_2	pred_2.png	22641.0	856.0	0.0	1257.0	48.0	0.0	239.0	16.0	0.0		6	1
false_component	Colon_cells	img_2	pred_3.png	22641.0	1462.0	0.0	1257.0	63.0	0.0	239.0	21.0	0.0		13	1
false_component	Colon_cells	img_2	pred_4.png	22641.0	1666.0	0.0	1257.0	83.0	0.0	239.0	26.0	0.0		7	1
false_component	Colon_cells	img_2	pred_5.png	22641.0	1883.0	0.0	1257.0	104.0	0.0	239.0	31.0	0.0		14	1
false_component	Colon_cells	img_2	pred_6.png	22641.0	2281.0	0.0	1257.0	119.0	0.0	239.0	36.0	0.0		9	1
false_component	Colon_cells	img_2	pred_7.png	22641.0	2724.0	0.0	1257.0	133.0	0.0	239.0	41.0	0.0		10	1
false_component	Colon_cells	img_2	pred_8.png	22641.0	2811.0	0.0	1257.0	145.0	0.0	239.0	46.0	0.0		19	1
false_component	Colon_cells	img_2	pred_9.png	22641.0	3151.0	0.0	1257.0	169.0	0.0	239.0	51.0	0.0		20	1
false_component	Colon_cells	img_2	pred_10.png	22641.0	3307.0	0.0	1257.0	180.0	0.0	239.0	55.0	0.0		5	1
false_component	Colon_cells	img_2	pred_11.png	22641.0	3434.0	0.0	1257.0	194.0	0.0	239.0	60.0	0.0		16	1
false_component	Colon_cells	img_2	pred_12.png	22641.0	3816.0	0.0	1257.0	205.0	0.0	239.0	65.0	0.0		17	1
false_component	Colon_cells	img_2	pred_13.png	22641.0	4136.0	0.0	1257.0	222.0	0.0	239.0	70.0	0.0		8	1
false_component	Colon_cells	img_2	pred_14.png	22641.0	4335.0	0.0	1257.0	243.0	0.0	239.0	75.0	0.0		12	1
false_component	Colon_cells	img_2	pred_15.png	22641.0	4584.0	0.0	1257.0	259.0	0.0	239.0	80.0	0.0		1	1
false_component	Colon_cells	img_2	pred_16.png	22641.0	4804.0	0.0	1257.0	276.0	0.0	239.0	85.0	0.0		3	1
false_component	Colon_cells	img_2	pred_17.png	22641.0	5065.0	0.0	1257.0	288.0	0.0	239.0	90.0	0.0		18	1
false_component	Colon_cells	img_2	pred_18.png	22641.0	5276.0	0.0	1257.0	308.0	0.0	239.0	95.0	0.0		4	1
false_component	Colon_cells	img_2	pred_19.png	22641.0	5673.0	0.0	1257.0	320.0	0.0	239.0	100.0	0.0		15	1
false_component	Colon_cells	img_1	gt.png	23563.0	0.0	0.0	1374.0	0.0	0.0	279.0	0.0	0.0		0	1
false_component	Colon_cells	img_1	pred_0.png	23563.0	562.0	0.0	1374.0	22.0	0.0	279.0	6.0	0.0		2	1
false_component	Colon_cells	img_1	pred_1.png	23563.0	797.0	0.0	1374.0	38.0	0.0	279.0	11.0	0.0		11	1
false_component	Colon_cells	img_1	pred_2.png	23563.0	1183.0	0.0	1374.0	57.0	0.0	279.0	16.0	0.0		6	1
false_component	Colon_cells	img_1	pred_3.png	23563.0	1420.0	0.0	1374.0	74.0	0.0	279.0	21.0	0.0		13	1
false_component	Colon_cells	img_1	pred_4.png	23563.0	1704.0	0.0	1374.0	86.0	0.0	279.0	26.0	0.0		7	1
false_component	Colon_cells	img_1	pred_5.png	23563.0	1956.0	0.0	1374.0	100.0	0.0	279.0	31.0	0.0		14	1
false_component	Colon_cells	img_1	pred_6.png	23563.0	2214.0	0.0	1374.0	109.0	0.0	279.0	36.0	0.0		9	1
false_component	Colon_cells	img_1	pred_7.png	23563.0	2529.0	0.0	1374.0	125.0	0.0	279.0	41.0	0.0		10	1
false_component	Colon_cells	img_1	pred_8.png	23563.0	2908.0	0.0	1374.0	138.0	0.0	279.0	46.0	0.0		19	1
false_component	Colon_cells	img_1	pred_9.png	23563.0	3130.0	0.0	1374.0	157.0	0.0	279.0	51.0	0.0		20	1
false_component	Colon_cells	img_1	pred_10.png	23563.0	3252.0	0.0	1374.0	168.0	0.0	279.0	55.0	0.0		5	1
false_component	Colon_cells	img_1	pred_11.png	23563.0	3698.0	0.0	1374.0	188.0	0.0	279.0	60.0	0.0		16	1
false_component	Colon_cells	img_1	pred_12.png	23563.0	3855.0	0.0	1374.0	203.0	0.0	279.0	65.0	0.0		17	1
false_component	Colon_cells	img_1	pred_13.png	23563.0	4262.0	0.0	1374.0	216.0	0.0	279.0	70.0	0.0		8	1
false_component	Colon_cells	img_1	pred_14.png	23563.0	4381.0	0.0	1374.0	232.0	0.0	279.0	75.0	0.0		12	1
false_component	Colon_cells	img_1	pred_15.png	23563.0	4567.0	0.0	1374.0	251.0	0.0	279.0	80.0	0.0		1	1
false_component	Colon_cells	img_1	pred_16.png	23563.0	4819.0	0.0	1374.0	265.0	0.0	279.0	85.0	0.0		3	1
false_component	Colon_cells	img_1	pred_17.png	23563.0	5063.0	0.0	1374.0	278.0	0.0	279.0	90.0	0.0		18	1
false_component	Colon_cells	img_1	pred_18.png	23563.0	5369.0	0.0	1374.0	298.0	0.0	279.0	95.0	0.0		4	1
false_component	Colon_cells	img_1	pred_19.png	23563.0	5757.0	0.0	1374.0	311.0	0.0	279.0	100.0	0.0		15	1
false_component	CREMI	img_0	gt.png	25478.0	0.0	0.0	8960.0	0.0	0.0	3.0	0.0	0.0		0	1
false_component	CREMI	img_0	pred_0.png	25478.0	154.0	0.0	8960.0	40.0	0.0	3.0	6.0	0.0		2	1
false_component	CREMI	img_0	pred_1.png	25478.0	218.0	0.0	8960.0	58.0	0.0	3.0	11.0	0.0		11	1
false_component	CREMI	img_0	pred_2.png	25478.0	277.0	0.0	8960.0	74.0	0.0	3.0	16.0	0.0		6	1
false_component	CREMI	img_0	pred_3.png	25478.0	360.0	0.0	8960.0	94.0	0.0	3.0	21.0	0.0		13	1
false_component	CREMI	img_0	pred_4.png	25478.0	487.0	0.0	8960.0	134.0	0.0	3.0	26.0	0.0		7	1
false_component	CREMI	img_0	pred_5.png	25478.0	577.0	0.0	8960.0	157.0	0.0	3.0	31.0	0.0		14	1
false_component	CREMI	img_0	pred_6.png	25478.0	641.0	0.0	8960.0	175.0	0.0	3.0	36.0	0.0		9	1
false_component	CREMI	img_0	pred_7.png	25478.0	701.0	0.0	8960.0	191.0	0.0	3.0	41.0	0.0		10	1
false_component	CREMI	img_0	pred_8.png	25478.0	783.0	0.0	8960.0	213.0	0.0	3.0	46.0	0.0		19	1
false_component	CREMI	img_0	pred_9.png	25478.0	855.0	0.0	8960.0	231.0	0.0	3.0	51.0	0.0		20	1
false_component	CREMI	img_0	pred_10.png	25478.0	928.0	0.0	8960.0	248.0	0.0	3.0	55.0	0.0		5	1
false_component	CREMI	img_0	pred_11.png	25478.0	1010.0	0.0	8960.0	273.0	0.0	3.0	60.0	0.0		16	1
false_component	CREMI	img_0	pred_12.png	25478.0	1068.0	0.0	8960.0	292.0	0.0	3.0	65.0	0.0		17	1
false_component	CREMI	img_0	pred_13.png	25478.0	1142.0	0.0	8960.0	309.0	0.0	3.0	70.0	0.0		8	1
false_component	CREMI	img_0	pred_14.png	25478.0	1221.0	0.0	8960.0	334.0	0.0	3.0	75.0	0.0		12	1
false_component	CREMI	img_0	pred_15.png	25478.0	1271.0	0.0	8960.0	348.0	0.0	3.0	80.0	0.0		1	1
false_component	CREMI	img_0	pred_16.png	25478.0	1317.0	0.0	8960.0	359.0	0.0	3.0	85.0	0.0		3	1
false_component	CREMI	img_0	pred_17.png	25478.0	1406.0	0.0	8960.0	381.0	0.0	3.0	90.0	0.0		18	1
false_component	CREMI	img_0	pred_18.png	25478.0	1477.0	0.0	8960.0	400.0	0.0	3.0	95.0	0.0		4	1
false_component	CREMI	img_0	pred_19.png	25478.0	1540.0	0.0	8960.0	418.0	0.0	3.0	100.0	0.0		15	1
false_component	CREMI	img_2	gt.png	25641.0	0.0	0.0	9016.0	0.0	0.0	4.0	0.0	0.0		0	1
false_component	CREMI	img_2	pred_0.png	25641.0	84.0	0.0	9016.0	25.0	0.0	4.0	6.0	0.0		2	1
false_component	CREMI	img_2	pred_1.png	25641.0	180.0	0.0	9016.0	50.0	0.0	4.0	11.0	0.0		11	1
false_component	CREMI	img_2	pred_2.png	25641.0	285.0	0.0	9016.0	75.0	0.0	4.0	16.0	0.0		6	1
false_component	CREMI	img_2	pred_3.png	25641.0	346.0	0.0	9016.0	90.0	0.0	4.0	21.0	0.0		13	1
false_component	CREMI	img_2	pred_4.png	25641.0	397.0	0.0	9016.0	102.0	0.0	4.0	26.0	0.0		7	1
false_component	CREMI	img_2	pred_5.png	25641.0	508.0	0.0	9016.0	131.0	0.0	4.0	31.0	0.0		14	1
false_component	CREMI	img_2	pred_6.png	25641.0	547.0	0.0	9016.0	142.0	0.0	4.0	36.0	0.0		9	1
false_component	CREMI	img_2	pred_7.png	25641.0	614.0	0.0	9016.0	158.0	0.0	4.0	41.0	0.0		10	1
false_component	CREMI	img_2	pred_8.png	25641.0	658.0	0.0	9016.0	172.0	0.0	4.0	46.0	0.0		19	1
false_component	CREMI	img_2	pred_9.png	25641.0	705.0	0.0	9016.0	185.0	0.0	4.0	51.0	0.0		20	1
false_component	CREMI	img_2	pred_10.png	25641.0	791.0	0.0	9016.0	212.0	0.0	4.0	55.0	0.0		5	1
false_component	CREMI	img_2	pred_11.png	25641.0	871.0	0.0	9016.0	230.0	0.0	4.0	60.0	0.0		16	1
false_component	CREMI	img_2	pred_12.png	25641.0	957.0	0.0	9016.0	251.0	0.0	4.0	65.0	0.0		17	1
false_component	CREMI	img_2	pred_13.png	25641.0	1028.0	0.0	9016.0	273.0	0.0	4.0	70.0	0.0		8	1
false_component	CREMI	img_2	pred_14.png	25641.0	1105.0	0.0	9016.0	298.0	0.0	4.0	75.0	0.0		12	1
false_component	CREMI	img_2	pred_15.png	25641.0	1178.0	0.0	9016.0	317.0	0.0	4.0	80.0	0.0		1	1
false_component	CREMI	img_2	pred_16.png	25641.0	1227.0	0.0	9016.0	328.0	0.0	4.0	85.0	0.0		3	1
false_component	CREMI	img_2	pred_17.png	25641.0	1284.0	0.0	9016.0	345.0	0.0	4.0	90.0	0.0		18	1
false_component	CREMI	img_2	pred_18.png	25641.0	1341.0	0.0	9016.0	357.0	0.0	4.0	95.0	0.0		4	1
false_component	CREMI	img_2	pred_19.png	25641.0	1377.0	0.0	9016.0	368.0	0.0	4.0	100.0	0.0		15	1
false_component	CREMI	img_1	gt.png	25520.0	0.0	0.0	8892.0	0.0	0.0	5.0	0.0	0.0		0	1
false_component	CREMI	img_1	pred_0.png	25520.0	102.0	0.0	8892.0	30.0	0.0	5.0	6.0	0.0		2	1
false_component	CREMI	img_1	pred_1.png	25520.0	163.0	0.0	8892.0	42.0	0.0	5.0	11.0	0.0		11	1
false_component	CREMI	img_1	pred_2.png	25520.0	217.0	0.0	8892.0	58.0	0.0	5.0	16.0	0.0		6	1
false_component	CREMI	img_1	pred_3.png	25520.0	285.0	0.0	8892.0	76.0	0.0	5.0	21.0	0.0		13	1
false_component	CREMI	img_1	pred_4.png	25520.0	348.0	0.0	8892.0	92.0	0.0	5.0	26.0	0.0		7	1
false_component	CREMI	img_1	pred_5.png	25520.0	428.0	0.0	8892.0	114.0	0.0	5.0	31.0	0.0		14	1
false_component	CREMI	img_1	pred_6.png	25520.0	504.0	0.0	8892.0	136.0	0.0	5.0	36.0	0.0		9	1
false_component	CREMI	img_1	pred_7.png	25520.0	574.0	0.0	8892.0	153.0	0.0	5.0	41.0	0.0		10	1
false_component	CREMI	img_1	pred_8.png	25520.0	640.0	0.0	8892.0	170.0	0.0	5.0	46.0	0.0		19	1
false_component	CREMI	img_1	pred_9.png	25520.0	713.0	0.0	8892.0	190.0	0.0	5.0	51.0	0.0		20	1
false_component	CREMI	img_1	pred_10.png	25520.0	783.0	0.0	8892.0	208.0	0.0	5.0	55.0	0.0		5	1
false_component	CREMI	img_1	pred_11.png	25520.0	846.0	0.0	8892.0	220.0	0.0	5.0	60.0	0.0		16	1
false_component	CREMI	img_1	pred_12.png	25520.0	907.0	0.0	8892.0	239.0	0.0	5.0	65.0	0.0		17	1
false_component	CREMI	img_1	pred_13.png	25520.0	962.0	0.0	8892.0	252.0	0.0	5.0	70.0	0.0		8	1
false_component	CREMI	img_1	pred_14.png	25520.0	998.0	0.0	8892.0	263.0	0.0	5.0	75.0	0.0		12	1
false_component	CREMI	img_1	pred_15.png	25520.0	1079.0	0.0	8892.0	286.0	0.0	5.0	80.0	0.0		1	1
false_component	CREMI	img_1	pred_16.png	25520.0	1138.0	0.0	8892.0	298.0	0.0	5.0	85.0	0.0		3	1
false_component	CREMI	img_1	pred_17.png	25520.0	1178.0	0.0	8892.0	310.0	0.0	5.0	90.0	0.0		18	1
false_component	CREMI	img_1	pred_18.png	25520.0	1259.0	0.0	8892.0	330.0	0.0	5.0	95.0	0.0		4	1
false_component	CREMI	img_1	pred_19.png	25520.0	1322.0	0.0	8892.0	348.0	0.0	5.0	100.0	0.0		15	1
false_component	LES-AV	img_0	gt.png	158725.0	0.0	0.0	16428.0	0.0	0.0	2.0	0.0	0.0		0	1
false_component	LES-AV	img_0	pred_0.png	158725.0	4715.0	0.0	16428.0	212.0	0.0	2.0	6.0	0.0		2	1
false_component	LES-AV	img_0	pred_1.png	158725.0	10584.0	0.0	16428.0	683.0	0.0	2.0	11.0	0.0		11	1
false_component	LES-AV	img_0	pred_2.png	158725.0	13526.0	0.0	16428.0	862.0	0.0	2.0	16.0	0.0		6	1
false_component	LES-AV	img_0	pred_3.png	158725.0	22137.0	0.0	16428.0	1200.0	0.0	2.0	21.0	0.0		13	1
false_component	LES-AV	img_0	pred_4.png	158725.0	27882.0	0.0	16428.0	1446.0	0.0	2.0	26.0	0.0		7	1
false_component	LES-AV	img_0	pred_5.png	158725.0	30462.0	0.0	16428.0	1667.0	0.0	2.0	31.0	0.0		14	1
false_component	LES-AV	img_0	pred_6.png	158725.0	34972.0	0.0	16428.0	1951.0	0.0	2.0	36.0	0.0		9	1
false_component	LES-AV	img_0	pred_7.png	158725.0	38239.0	0.0	16428.0	2312.0	0.0	2.0	41.0	0.0		10	1
false_component	LES-AV	img_0	pred_8.png	158725.0	42526.0	0.0	16428.0	2677.0	0.0	2.0	46.0	0.0		19	1
false_component	LES-AV	img_0	pred_9.png	158725.0	53156.0	0.0	16428.0	2990.0	0.0	2.0	51.0	0.0		20	1
false_component	LES-AV	img_0	pred_10.png	158725.0	56601.0	0.0	16428.0	3199.0	0.0	2.0	55.0	0.0		5	1
false_component	LES-AV	img_0	pred_11.png	158725.0	61144.0	0.0	16428.0	3464.0	0.0	2.0	60.0	0.0		16	1
false_component	LES-AV	img_0	pred_12.png	158725.0	68611.0	0.0	16428.0	3797.0	0.0	2.0	65.0	0.0		17	1
false_component	LES-AV	img_0	pred_13.png	158725.0	75211.0	0.0	16428.0	4033.0	0.0	2.0	70.0	0.0		8	1
false_component	LES-AV	img_0	pred_14.png	158725.0	79688.0	0.0	16428.0	4260.0	0.0	2.0	75.0	0.0		12	1
false_component	LES-AV	img_0	pred_15.png	158725.0	82546.0	0.0	16428.0	4583.0	0.0	2.0	80.0	0.0		1	1
false_component	LES-AV	img_0	pred_16.png	158725.0	85279.0	0.0	16428.0	4729.0	0.0	2.0	85.0	0.0		3	1
false_component	LES-AV	img_0	pred_17.png	158725.0	88724.0	0.0	16428.0	4897.0	0.0	2.0	90.0	0.0		18	1
false_component	LES-AV	img_0	pred_18.png	158725.0	93459.0	0.0	16428.0	5192.0	0.0	2.0	95.0	0.0		4	1
false_component	LES-AV	img_0	pred_19.png	158725.0	98205.0	0.0	16428.0	5445.0	0.0	2.0	100.0	0.0		15	1
false_component	LES-AV	img_2	gt.png	224228.0	0.0	0.0	18647.0	0.0	0.0	1.0	0.0	0.0		0	1
false_component	LES-AV	img_2	pred_0.png	224228.0	3641.0	0.0	18647.0	150.0	0.0	1.0	6.0	0.0		2	1
false_component	LES-AV	img_2	pred_1.png	224228.0	10092.0	0.0	18647.0	370.0	0.0	1.0	11.0	0.0		11	1
false_component	LES-AV	img_2	pred_2.png	224228.0	17890.0	0.0	18647.0	732.0	0.0	1.0	16.0	0.0		6	1
false_component	LES-AV	img_2	pred_3.png	224228.0	27296.0	0.0	18647.0	1090.0	0.0	1.0	21.0	0.0		13	1
false_component	LES-AV	img_2	pred_4.png	224228.0	29742.0	0.0	18647.0	1429.0	0.0	1.0	26.0	0.0		7	1
false_component	LES-AV	img_2	pred_5.png	224228.0	32723.0	0.0	18647.0	1613.0	0.0	1.0	31.0	0.0		14	1
false_component	LES-AV	img_2	pred_6.png	224228.0	35415.0	0.0	18647.0	1789.0	0.0	1.0	36.0	0.0		9	1
false_component	LES-AV	img_2	pred_7.png	224228.0	41365.0	0.0	18647.0	2126.0	0.0	1.0	41.0	0.0		10	1
false_component	LES-AV	img_2	pred_8.png	224228.0	49647.0	0.0	18647.0	2487.0	0.0	1.0	46.0	0.0		19	1
false_component	LES-AV	img_2	pred_9.png	224228.0	53325.0	0.0	18647.0	2750.0	0.0	1.0	51.0	0.0		20	1
false_component	LES-AV	img_2	pred_10.png	224228.0	56809.0	0.0	18647.0	2959.0	0.0	1.0	55.0	0.0		5	1
false_component	LES-AV	img_2	pred_11.png	224228.0	65645.0	0.0	18647.0	3331.0	0.0	1.0	60.0	0.0		16	1
false_component	LES-AV	img_2	pred_12.png	224228.0	70361.0	0.0	18647.0	3615.0	0.0	1.0	65.0	0.0		17	1
false_component	LES-AV	img_2	pred_13.png	224228.0	73386.0	0.0	18647.0	3789.0	0.0	1.0	70.0	0.0		8	1
false_component	LES-AV	img_2	pred_14.png	224228.0	74667.0	0.0	18647.0	3959.0	0.0	1.0	75.0	0.0		12	1
false_component	LES-AV	img_2	pred_15.png	224228.0	80564.0	0.0	18647.0	4208.0	0.0	1.0	80.0	0.0		1	1
false_component	LES-AV	img_2	pred_16.png	224228.0	86609.0	0.0	18647.0	4470.0	0.0	1.0	85.0	0.0		3	1
false_component	LES-AV	img_2	pred_17.png	224228.0	90371.0	0.0	18647.0	4724.0	0.0	1.0	90.0	0.0		18	1
false_component	LES-AV	img_2	pred_18.png	224228.0	94780.0	0.0	18647.0	4959.0	0.0	1.0	95.0	0.0		4	1
false_component	LES-AV	img_2	pred_19.png	224228.0	101351.0	0.0	18647.0	5337.0	0.0	1.0	100.0	0.0		15	1
false_component	LES-AV	img_1	gt.png	209704.0	0.0	0.0	20096.0	0.0	0.0	2.0	0.0	0.0		0	1
false_component	LES-AV	img_1	pred_0.png	209704.0	3781.0	0.0	20096.0	238.0	0.0	2.0	6.0	0.0		2	1
false_component	LES-AV	img_1	pred_1.png	209704.0	9290.0	0.0	20096.0	534.0	0.0	2.0	11.0	0.0		11	1
false_component	LES-AV	img_1	pred_2.png	209704.0	13411.0	0.0	20096.0	804.0	0.0	2.0	16.0	0.0		6	1
false_component	LES-AV	img_1	pred_3.png	209704.0	15872.0	0.0	20096.0	1141.0	0.0	2.0	21.0	0.0		13	1
false_component	LES-AV	img_1	pred_4.png	209704.0	19674.0	0.0	20096.0	1507.0	0.0	2.0	26.0	0.0		7	1
false_component	LES-AV	img_1	pred_5.png	209704.0	27250.0	0.0	20096.0	1883.0	0.0	2.0	31.0	0.0		14	1
false_component	LES-AV	img_1	pred_6.png	209704.0	30673.0	0.0	20096.0	2033.0	0.0	2.0	36.0	0.0		9	1
false_component	LES-AV	img_1	pred_7.png	209704.0	37781.0	0.0	20096.0	2322.0	0.0	2.0	41.0	0.0		10	1
false_component	LES-AV	img_1	pred_8.png	209704.0	43204.0	0.0	20096.0	2591.0	0.0	2.0	46.0	0.0		19	1
false_component	LES-AV	img_1	pred_9.png	209704.0	47413.0	0.0	20096.0	2820.0	0.0	2.0	51.0	0.0		20	1
false_component	LES-AV	img_1	pred_10.png	209704.0	48975.0	0.0	20096.0	2950.0	0.0	2.0	55.0	0.0		5	1
false_component	LES-AV	img_1	pred_11.png	209704.0	51800.0	0.0	20096.0	3116.0	0.0	2.0	60.0	0.0		16	1
false_component	LES-AV	img_1	pred_12.png	209704.0	58431.0	0.0	20096.0	3505.0	0.0	2.0	65.0	0.0		17	1
false_component	LES-AV	img_1	pred_13.png	209704.0	63510.0	0.0	20096.0	3742.0	0.0	2.0	70.0	0.0		8	1
false_component	LES-AV	img_1	pred_14.png	209704.0	69186.0	0.0	20096.0	3971.0	0.0	2.0	75.0	0.0		12	1
false_component	LES-AV	img_1	pred_15.png	209704.0	72705.0	0.0	20096.0	4208.0	0.0	2.0	80.0	0.0		1	1
false_component	LES-AV	img_1	pred_16.png	209704.0	77140.0	0.0	20096.0	4508.0	0.0	2.0	85.0	0.0		3	1
false_component	LES-AV	img_1	pred_17.png	209704.0	82606.0	0.0	20096.0	4669.0	0.0	2.0	90.0	0.0		18	1
false_component	LES-AV	img_1	pred_18.png	209704.0	84567.0	0.0	20096.0	4953.0	0.0	2.0	95.0	0.0		4	1
false_component	LES-AV	img_1	pred_19.png	209704.0	86805.0	0.0	20096.0	5150.0	0.0	2.0	100.0	0.0		15	1
false_component	Minivess	img_0	gt.png	63267.0	0.0	0.0	3009.0	0.0	0.0	22.0	0.0	0.0		0	1
false_component	Minivess	img_0	pred_0.png	63267.0	5422.0	0.0	3009.0	154.0	0.0	22.0	6.0	0.0		2	1
false_component	Minivess	img_0	pred_1.png	63267.0	6489.0	0.0	3009.0	261.0	0.0	22.0	11.0	0.0		11	1
false_component	Minivess	img_0	pred_2.png	63267.0	12424.0	0.0	3009.0	364.0	0.0	22.0	16.0	0.0		6	1
false_component	Minivess	img_0	pred_3.png	63267.0	18981.0	0.0	3009.0	537.0	0.0	22.0	21.0	0.0		13	1
false_component	Minivess	img_0	pred_4.png	63267.0	23059.0	0.0	3009.0	663.0	0.0	22.0	26.0	0.0		7	1
false_component	Minivess	img_0	pred_5.png	63267.0	24587.0	0.0	3009.0	802.0	0.0	22.0	31.0	0.0		14	1
false_component	Minivess	img_0	pred_6.png	63267.0	27021.0	0.0	3009.0	922.0	0.0	22.0	36.0	0.0		9	1
false_component	Minivess	img_0	pred_7.png	63267.0	31242.0	0.0	3009.0	1037.0	0.0	22.0	41.0	0.0		10	1
false_component	Minivess	img_0	pred_8.png	63267.0	32257.0	0.0	3009.0	1127.0	0.0	22.0	46.0	0.0		19	1
false_component	Minivess	img_0	pred_9.png	63267.0	33876.0	0.0	3009.0	1266.0	0.0	22.0	51.0	0.0		20	1
false_component	Minivess	img_0	pred_10.png	63267.0	35328.0	0.0	3009.0	1323.0	0.0	22.0	55.0	0.0		5	1
false_component	Minivess	img_0	pred_11.png	63267.0	36787.0	0.0	3009.0	1420.0	0.0	22.0	60.0	0.0		16	1
false_component	Minivess	img_0	pred_12.png	63267.0	38626.0	0.0	3009.0	1517.0	0.0	22.0	65.0	0.0		17	1
false_component	Minivess	img_0	pred_13.png	63267.0	39939.0	0.0	3009.0	1599.0	0.0	22.0	70.0	0.0		8	1
false_component	Minivess	img_0	pred_14.png	63267.0	43280.0	0.0	3009.0	1690.0	0.0	22.0	75.0	0.0		12	1
false_component	Minivess	img_0	pred_15.png	63267.0	45426.0	0.0	3009.0	1806.0	0.0	22.0	80.0	0.0		1	1
false_component	Minivess	img_0	pred_16.png	63267.0	47248.0	0.0	3009.0	1934.0	0.0	22.0	85.0	0.0		3	1
false_component	Minivess	img_0	pred_17.png	63267.0	47765.0	0.0	3009.0	1981.0	0.0	22.0	90.0	0.0		18	1
false_component	Minivess	img_0	pred_18.png	63267.0	48006.0	0.0	3009.0	2023.0	0.0	22.0	95.0	0.0		4	1
false_component	Minivess	img_0	pred_19.png	63267.0	50179.0	0.0	3009.0	2093.0	0.0	22.0	100.0	0.0		15	1
false_component	Minivess	img_2	gt.png	44722.0	0.0	0.0	2022.0	0.0	0.0	42.0	0.0	0.0		0	1
false_component	Minivess	img_2	pred_0.png	44722.0	2530.0	0.0	2022.0	157.0	0.0	42.0	6.0	0.0		2	1
false_component	Minivess	img_2	pred_1.png	44722.0	3352.0	0.0	2022.0	272.0	0.0	42.0	11.0	0.0		11	1
false_component	Minivess	img_2	pred_2.png	44722.0	6869.0	0.0	2022.0	342.0	0.0	42.0	16.0	0.0		6	1
false_component	Minivess	img_2	pred_3.png	44722.0	12944.0	0.0	2022.0	433.0	0.0	42.0	21.0	0.0		13	1
false_component	Minivess	img_2	pred_4.png	44722.0	14763.0	0.0	2022.0	492.0	0.0	42.0	26.0	0.0		7	1
false_component	Minivess	img_2	pred_5.png	44722.0	19664.0	0.0	2022.0	582.0	0.0	42.0	31.0	0.0		14	1
false_component	Minivess	img_2	pred_6.png	44722.0	20803.0	0.0	2022.0	684.0	0.0	42.0	36.0	0.0		9	1
false_component	Minivess	img_2	pred_7.png	44722.0	21354.0	0.0	2022.0	714.0	0.0	42.0	41.0	0.0		10	1
false_component	Minivess	img_2	pred_8.png	44722.0	24848.0	0.0	2022.0	785.0	0.0	42.0	46.0	0.0		19	1
false_component	Minivess	img_2	pred_9.png	44722.0	26384.0	0.0	2022.0	900.0	0.0	42.0	51.0	0.0		20	1
false_component	Minivess	img_2	pred_10.png	44722.0	30295.0	0.0	2022.0	960.0	0.0	42.0	55.0	0.0		5	1
false_component	Minivess	img_2	pred_11.png	44722.0	30908.0	0.0	2022.0	1036.0	0.0	42.0	60.0	0.0		16	1
false_component	Minivess	img_2	pred_12.png	44722.0	33922.0	0.0	2022.0	1132.0	0.0	42.0	65.0	0.0		17	1
false_component	Minivess	img_2	pred_13.png	44722.0	34827.0	0.0	2022.0	1211.0	0.0	42.0	70.0	0.0		8	1
false_component	Minivess	img_2	pred_14.png	44722.0	36075.0	0.0	2022.0	1297.0	0.0	42.0	75.0	0.0		12	1
false_component	Minivess	img_2	pred_15.png	44722.0	36823.0	0.0	2022.0	1359.0	0.0	42.0	80.0	0.0		1	1
false_component	Minivess	img_2	pred_16.png	44722.0	38184.0	0.0	2022.0	1404.0	0.0	42.0	85.0	0.0		3	1
false_component	Minivess	img_2	pred_17.png	44722.0	39157.0	0.0	2022.0	1486.0	0.0	42.0	90.0	0.0		18	1
false_component	Minivess	img_2	pred_18.png	44722.0	40183.0	0.0	2022.0	1560.0	0.0	42.0	95.0	0.0		4	1
false_component	Minivess	img_2	pred_19.png	44722.0	40988.0	0.0	2022.0	1595.0	0.0	42.0	100.0	0.0		15	1
false_component	Minivess	img_1	gt.png	56469.0	0.0	0.0	2510.0	0.0	0.0	27.0	0.0	0.0		0	1
false_component	Minivess	img_1	pred_0.png	56469.0	3826.0	0.0	2510.0	97.0	0.0	27.0	6.0	0.0		2	1
false_component	Minivess	img_1	pred_1.png	56469.0	6432.0	0.0	2510.0	190.0	0.0	27.0	11.0	0.0		11	1
false_component	Minivess	img_1	pred_2.png	56469.0	10159.0	0.0	2510.0	312.0	0.0	27.0	16.0	0.0		6	1
false_component	Minivess	img_1	pred_3.png	56469.0	17595.0	0.0	2510.0	447.0	0.0	27.0	21.0	0.0		13	1
false_component	Minivess	img_1	pred_4.png	56469.0	24346.0	0.0	2510.0	602.0	0.0	27.0	26.0	0.0		7	1
false_component	Minivess	img_1	pred_5.png	56469.0	31335.0	0.0	2510.0	697.0	0.0	27.0	31.0	0.0		14	1
false_component	Minivess	img_1	pred_6.png	56469.0	32087.0	0.0	2510.0	774.0	0.0	27.0	36.0	0.0		9	1
false_component	Minivess	img_1	pred_7.png	56469.0	35763.0	0.0	2510.0	862.0	0.0	27.0	41.0	0.0		10	1
false_component	Minivess	img_1	pred_8.png	56469.0	38164.0	0.0	2510.0	975.0	0.0	27.0	46.0	0.0		19	1
false_component	Minivess	img_1	pred_9.png	56469.0	38923.0	0.0	2510.0	1052.0	0.0	27.0	51.0	0.0		20	1
false_component	Minivess	img_1	pred_10.png	56469.0	40787.0	0.0	2510.0	1143.0	0.0	27.0	55.0	0.0		5	1
false_component	Minivess	img_1	pred_11.png	56469.0	42284.0	0.0	2510.0	1252.0	0.0	27.0	60.0	0.0		16	1
false_component	Minivess	img_1	pred_12.png	56469.0	42864.0	0.0	2510.0	1320.0	0.0	27.0	65.0	0.0		17	1
false_component	Minivess	img_1	pred_13.png	56469.0	43994.0	0.0	2510.0	1399.0	0.0	27.0	70.0	0.0		8	1
false_component	Minivess	img_1	pred_14.png	56469.0	45357.0	0.0	2510.0	1524.0	0.0	27.0	75.0	0.0		12	1
false_component	Minivess	img_1	pred_15.png	56469.0	46702.0	0.0	2510.0	1567.0	0.0	27.0	80.0	0.0		1	1
false_component	Minivess	img_1	pred_16.png	56469.0	47122.0	0.0	2510.0	1652.0	0.0	27.0	85.0	0.0		3	1
false_component	Minivess	img_1	pred_17.png	56469.0	48363.0	0.0	2510.0	1803.0	0.0	27.0	90.0	0.0		18	1
false_component	Minivess	img_1	pred_18.png	56469.0	51479.0	0.0	2510.0	1885.0	0.0	27.0	95.0	0.0		4	1
false_component	Minivess	img_1	pred_19.png	56469.0	52303.0	0.0	2510.0	1927.0	0.0	27.0	100.0	0.0		15	1
false_component	NeuroMorpho	img_0	gt.png	59104.0	0.0	0.0	18614.0	0.0	0.0	1.0	0.0	0.0		0	1
false_component	NeuroMorpho	img_0	pred_0.png	59104.0	538.0	0.0	18614.0	73.0	0.0	1.0	6.0	0.0		2	1
false_component	NeuroMorpho	img_0	pred_1.png	59104.0	931.0	0.0	18614.0	135.0	0.0	1.0	11.0	0.0		11	1
false_component	NeuroMorpho	img_0	pred_2.png	59104.0	1166.0	0.0	18614.0	161.0	0.0	1.0	16.0	0.0		6	1
false_component	NeuroMorpho	img_0	pred_3.png	59104.0	1577.0	0.0	18614.0	221.0	0.0	1.0	21.0	0.0		13	1
false_component	NeuroMorpho	img_0	pred_4.png	59104.0	1797.0	0.0	18614.0	263.0	0.0	1.0	26.0	0.0		7	1
false_component	NeuroMorpho	img_0	pred_5.png	59104.0	2144.0	0.0	18614.0	318.0	0.0	1.0	31.0	0.0		14	1
false_component	NeuroMorpho	img_0	pred_6.png	59104.0	2320.0	0.0	18614.0	347.0	0.0	1.0	36.0	0.0		9	1
false_component	NeuroMorpho	img_0	pred_7.png	59104.0	2772.0	0.0	18614.0	414.0	0.0	1.0	41.0	0.0		10	1
false_component	NeuroMorpho	img_0	pred_8.png	59104.0	3024.0	0.0	18614.0	468.0	0.0	1.0	46.0	0.0		19	1
false_component	NeuroMorpho	img_0	pred_9.png	59104.0	3438.0	0.0	18614.0	518.0	0.0	1.0	51.0	0.0		20	1
false_component	NeuroMorpho	img_0	pred_10.png	59104.0	3906.0	0.0	18614.0	568.0	0.0	1.0	55.0	0.0		5	1
false_component	NeuroMorpho	img_0	pred_11.png	59104.0	4396.0	0.0	18614.0	631.0	0.0	1.0	60.0	0.0		16	1
false_component	NeuroMorpho	img_0	pred_12.png	59104.0	4670.0	0.0	18614.0	686.0	0.0	1.0	65.0	0.0		17	1
false_component	NeuroMorpho	img_0	pred_13.png	59104.0	4991.0	0.0	18614.0	731.0	0.0	1.0	70.0	0.0		8	1
false_component	NeuroMorpho	img_0	pred_14.png	59104.0	5288.0	0.0	18614.0	781.0	0.0	1.0	75.0	0.0		12	1
false_component	NeuroMorpho	img_0	pred_15.png	59104.0	5611.0	0.0	18614.0	842.0	0.0	1.0	80.0	0.0		1	1
false_component	NeuroMorpho	img_0	pred_16.png	59104.0	5897.0	0.0	18614.0	894.0	0.0	1.0	85.0	0.0		3	1
false_component	NeuroMorpho	img_0	pred_17.png	59104.0	6157.0	0.0	18614.0	955.0	0.0	1.0	90.0	0.0		18	1
false_component	NeuroMorpho	img_0	pred_18.png	59104.0	6556.0	0.0	18614.0	1014.0	0.0	1.0	95.0	0.0		4	1
false_component	NeuroMorpho	img_0	pred_19.png	59104.0	6957.0	0.0	18614.0	1074.0	0.0	1.0	100.0	0.0		15	1
false_component	NeuroMorpho	img_2	gt.png	86444.0	0.0	0.0	26268.0	0.0	0.0	1.0	0.0	0.0		0	1
false_component	NeuroMorpho	img_2	pred_0.png	86444.0	628.0	0.0	26268.0	55.0	0.0	1.0	6.0	0.0		2	1
false_component	NeuroMorpho	img_2	pred_1.png	86444.0	1200.0	0.0	26268.0	104.0	0.0	1.0	11.0	0.0		11	1
false_component	NeuroMorpho	img_2	pred_2.png	86444.0	1901.0	0.0	26268.0	149.0	0.0	1.0	16.0	0.0		6	1
false_component	NeuroMorpho	img_2	pred_3.png	86444.0	2377.0	0.0	26268.0	198.0	0.0	1.0	21.0	0.0		13	1
false_component	NeuroMorpho	img_2	pred_4.png	86444.0	2831.0	0.0	26268.0	243.0	0.0	1.0	26.0	0.0		7	1
false_component	NeuroMorpho	img_2	pred_5.png	86444.0	3531.0	0.0	26268.0	293.0	0.0	1.0	31.0	0.0		14	1
false_component	NeuroMorpho	img_2	pred_6.png	86444.0	4270.0	0.0	26268.0	350.0	0.0	1.0	36.0	0.0		9	1
false_component	NeuroMorpho	img_2	pred_7.png	86444.0	4785.0	0.0	26268.0	390.0	0.0	1.0	41.0	0.0		10	1
false_component	NeuroMorpho	img_2	pred_8.png	86444.0	5231.0	0.0	26268.0	440.0	0.0	1.0	46.0	0.0		19	1
false_component	NeuroMorpho	img_2	pred_9.png	86444.0	5594.0	0.0	26268.0	467.0	0.0	1.0	51.0	0.0		20	1
false_component	NeuroMorpho	img_2	pred_10.png	86444.0	5979.0	0.0	26268.0	495.0	0.0	1.0	55.0	0.0		5	1
false_component	NeuroMorpho	img_2	pred_11.png	86444.0	6520.0	0.0	26268.0	530.0	0.0	1.0	60.0	0.0		16	1
false_component	NeuroMorpho	img_2	pred_12.png	86444.0	6761.0	0.0	26268.0	577.0	0.0	1.0	65.0	0.0		17	1
false_component	NeuroMorpho	img_2	pred_13.png	86444.0	7158.0	0.0	26268.0	629.0	0.0	1.0	70.0	0.0		8	1
false_component	NeuroMorpho	img_2	pred_14.png	86444.0	7651.0	0.0	26268.0	687.0	0.0	1.0	75.0	0.0		12	1
false_component	NeuroMorpho	img_2	pred_15.png	86444.0	8287.0	0.0	26268.0	734.0	0.0	1.0	80.0	0.0		1	1
false_component	NeuroMorpho	img_2	pred_16.png	86444.0	9252.0	0.0	26268.0	787.0	0.0	1.0	85.0	0.0		3	1
false_component	NeuroMorpho	img_2	pred_17.png	86444.0	9609.0	0.0	26268.0	834.0	0.0	1.0	90.0	0.0		18	1
false_component	NeuroMorpho	img_2	pred_18.png	86444.0	10272.0	0.0	26268.0	883.0	0.0	1.0	95.0	0.0		4	1
false_component	NeuroMorpho	img_2	pred_19.png	86444.0	10580.0	0.0	26268.0	927.0	0.0	1.0	100.0	0.0		15	1
false_component	NeuroMorpho	img_1	gt.png	67749.0	0.0	0.0	21776.0	0.0	0.0	1.0	0.0	0.0		0	1
false_component	NeuroMorpho	img_1	pred_0.png	67749.0	744.0	0.0	21776.0	55.0	0.0	1.0	6.0	0.0		2	1
false_component	NeuroMorpho	img_1	pred_1.png	67749.0	1012.0	0.0	21776.0	103.0	0.0	1.0	11.0	0.0		11	1
false_component	NeuroMorpho	img_1	pred_2.png	67749.0	1477.0	0.0	21776.0	146.0	0.0	1.0	16.0	0.0		6	1
false_component	NeuroMorpho	img_1	pred_3.png	67749.0	2010.0	0.0	21776.0	197.0	0.0	1.0	21.0	0.0		13	1
false_component	NeuroMorpho	img_1	pred_4.png	67749.0	2532.0	0.0	21776.0	247.0	0.0	1.0	26.0	0.0		7	1
false_component	NeuroMorpho	img_1	pred_5.png	67749.0	3013.0	0.0	21776.0	306.0	0.0	1.0	31.0	0.0		14	1
false_component	NeuroMorpho	img_1	pred_6.png	67749.0	3483.0	0.0	21776.0	353.0	0.0	1.0	36.0	0.0		9	1
false_component	NeuroMorpho	img_1	pred_7.png	67749.0	4175.0	0.0	21776.0	430.0	0.0	1.0	41.0	0.0		10	1
false_component	NeuroMorpho	img_1	pred_8.png	67749.0	4688.0	0.0	21776.0	488.0	0.0	1.0	46.0	0.0		19	1
false_component	NeuroMorpho	img_1	pred_9.png	67749.0	4865.0	0.0	21776.0	533.0	0.0	1.0	51.0	0.0		20	1
false_component	NeuroMorpho	img_1	pred_10.png	67749.0	5159.0	0.0	21776.0	568.0	0.0	1.0	55.0	0.0		5	1
false_component	NeuroMorpho	img_1	pred_11.png	67749.0	5591.0	0.0	21776.0	617.0	0.0	1.0	60.0	0.0		16	1
false_component	NeuroMorpho	img_1	pred_12.png	67749.0	6037.0	0.0	21776.0	666.0	0.0	1.0	65.0	0.0		17	1
false_component	NeuroMorpho	img_1	pred_13.png	67749.0	6274.0	0.0	21776.0	713.0	0.0	1.0	70.0	0.0		8	1
false_component	NeuroMorpho	img_1	pred_14.png	67749.0	6620.0	0.0	21776.0	758.0	0.0	1.0	75.0	0.0		12	1
false_component	NeuroMorpho	img_1	pred_15.png	67749.0	6941.0	0.0	21776.0	804.0	0.0	1.0	80.0	0.0		1	1
false_component	NeuroMorpho	img_1	pred_16.png	67749.0	7588.0	0.0	21776.0	854.0	0.0	1.0	85.0	0.0		3	1
false_component	NeuroMorpho	img_1	pred_17.png	67749.0	8197.0	0.0	21776.0	909.0	0.0	1.0	90.0	0.0		18	1
false_component	NeuroMorpho	img_1	pred_18.png	67749.0	8586.0	0.0	21776.0	967.0	0.0	1.0	95.0	0.0		4	1
false_component	NeuroMorpho	img_1	pred_19.png	67749.0	8843.0	0.0	21776.0	1023.0	0.0	1.0	100.0	0.0		15	1
missing_component	Roads	img_0	gt.png	148257.0	0.0	0.0	21040.0	0.0	0.0	8.0	0.0	0.0		0	1
missing_component	Roads	img_2	gt.png	206563.0	0.0	0.0	31942.0	0.0	0.0	8.0	0.0	0.0		0	1
missing_component	Roads	img_1	gt.png	190626.0	0.0	0.0	26311.0	0.0	0.0	5.0	0.0	0.0		0	1
missing_component	Colon_cells	img_0	gt.png	11002.0	0.0	0.0	608.0	0.0	0.0	156.0	0.0	0.0		0	1
missing_component	Colon_cells	img_0	pred_0.png	10619.0	0.0	383.0	581.0	0.0	27.0	150.0	0.0	6.0		2	1
missing_component	Colon_cells	img_0	pred_1.png	10339.0	0.0	663.0	542.0	0.0	66.0	145.0	0.0	11.0		11	1
missing_component	Colon_cells	img_0	pred_2.png	10115.0	0.0	887.0	529.0	0.0	79.0	140.0	0.0	16.0		6	1
missing_component	Colon_cells	img_0	pred_3.png	9813.0	0.0	1189.0	519.0	0.0	89.0	135.0	0.0	21.0		13	1
missing_component	Colon_cells	img_0	pred_4.png	9450.0	0.0	1552.0	499.0	0.0	109.0	130.0	0.0	26.0		7	1
missing_component	Colon_cells	img_0	pred_5.png	9088.0	0.0	1914.0	485.0	0.0	123.0	125.0	0.0	31.0		14	1
missing_component	Colon_cells	img_0	pred_6.png	8754.0	0.0	2248.0	472.0	0.0	136.0	120.0	0.0	36.0		9	1
missing_component	Colon_cells	img_0	pred_7.png	8414.0	0.0	2588.0	461.0	0.0	147.0	115.0	0.0	41.0		10	1
missing_component	Colon_cells	img_0	pred_8.png	7753.0	0.0	3249.0	412.0	0.0	196.0	110.0	0.0	46.0		19	1
missing_component	Colon_cells	img_0	pred_9.png	7249.0	0.0	3753.0	380.0	0.0	228.0	105.0	0.0	51.0		20	1
missing_component	Colon_cells	img_0	pred_10.png	7007.0	0.0	3995.0	371.0	0.0	237.0	101.0	0.0	55.0		5	1
missing_component	Colon_cells	img_0	pred_11.png	6765.0	0.0	4237.0	360.0	0.0	248.0	96.0	0.0	60.0		16	1
missing_component	Colon_cells	img_0	pred_12.png	6492.0	0.0	4510.0	337.0	0.0	271.0	91.0	0.0	65.0		17	1
missing_component	Colon_cells	img_0	pred_13.png	6132.0	0.0	4870.0	317.0	0.0	291.0	86.0	0.0	70.0		8	1
missing_component	Colon_cells	img_0	pred_14.png	5730.0	0.0	5272.0	294.0	0.0	314.0	81.0	0.0	75.0		12	1
missing_component	Colon_cells	img_0	pred_15.png	5313.0	0.0	5689.0	278.0	0.0	330.0	76.0	0.0	80.0		1	1
missing_component	Colon_cells	img_0	pred_16.png	5009.0	0.0	5993.0	267.0	0.0	341.0	71.0	0.0	85.0		3	1
missing_component	Colon_cells	img_0	pred_17.png	4710.0	0.0	6292.0	256.0	0.0	352.0	66.0	0.0	90.0		18	1
missing_component	Colon_cells	img_0	pred_18.png	4210.0	0.0	6792.0	232.0	0.0	376.0	61.0	0.0	95.0		4	1
missing_component	Colon_cells	img_0	pred_19.png	3910.0	0.0	7092.0	211.0	0.0	397.0	56.0	0.0	100.0		15	1
missing_component	Colon_cells	img_2	gt.png	22641.0	0.0	0.0	1257.0	0.0	0.0	239.0	0.0	0.0		0	1
missing_component	Colon_cells	img_2	pred_0.png	22166.0	0.0	475.0	1232.0	0.0	25.0	232.0	0.0	7.0		2	1
missing_component	Colon_cells	img_2	pred_1.png	21717.0	0.0	924.0	1211.0	0.0	46.0	227.0	0.0	12.0		11	1
missing_component	Colon_cells	img_2	pred_2.png	21390.0	0.0	1251.0	1202.0	0.0	55.0	222.0	0.0	17.0		6	1
missing_component	Colon_cells	img_2	pred_3.png	21048.0	0.0	1593.0	1193.0	0.0	64.0	217.0	0.0	22.0		13	1
missing_component	Colon_cells	img_2	pred_4.png	20468.0	0.0	2173.0	1172.0	0.0	85.0	212.0	0.0	27.0		7	1
missing_component	Colon_cells	img_2	pred_5.png	20108.0	0.0	2533.0	1160.0	0.0	97.0	207.0	0.0	32.0		14	1
missing_component	Colon_cells	img_2	pred_6.png	19513.0	0.0	3128.0	1130.0	0.0	127.0	202.0	0.0	37.0		9	1
missing_component	Colon_cells	img_2	pred_7.png	19203.0	0.0	3438.0	1111.0	0.0	146.0	197.0	0.0	42.0		10	1
missing_component	Colon_cells	img_2	pred_8.png	18873.0	0.0	3768.0	1098.0	0.0	159.0	192.0	0.0	47.0		19	1
missing_component	Colon_cells	img_2	pred_9.png	18557.0	0.0	4084.0	1089.0	0.0	168.0	187.0	0.0	52.0		20	1
missing_component	Colon_cells	img_2	pred_10.png	18080.0	0.0	4561.0	1035.0	0.0	222.0	183.0	0.0	56.0		5	1
missing_component	Colon_cells	img_2	pred_11.png	17610.0	0.0	5031.0	1014.0	0.0	243.0	178.0	0.0	61.0		16	1
missing_component	Colon_cells	img_2	pred_12.png	17254.0	0.0	5387.0	1005.0	0.0	252.0	173.0	0.0	66.0		17	1
missing_component	Colon_cells	img_2	pred_13.png	16813.0	0.0	5828.0	988.0	0.0	269.0	168.0	0.0	71.0		8	1
missing_component	Colon_cells	img_2	pred_14.png	15919.0	0.0	6722.0	929.0	0.0	328.0	163.0	0.0	76.0		12	1
missing_component	Colon_cells	img_2	pred_15.png	15433.0	0.0	7208.0	898.0	0.0	359.0	157.0	0.0	82.0		1	1
missing_component	Colon_cells	img_2	pred_16.png	14869.0	0.0	7772.0	867.0	0.0	390.0	152.0	0.0	87.0		3	1
missing_component	Colon_cells	img_2	pred_17.png	14537.0	0.0	8104.0	853.0	0.0	404.0	147.0	0.0	92.0		18	1
missing_component	Colon_cells	img_2	pred_18.png	13994.0	0.0	8647.0	823.0	0.0	434.0	142.0	0.0	97.0		4	1
missing_component	Colon_cells	img_2	pred_19.png	13737.0	0.0	8904.0	805.0	0.0	452.0	137.0	0.0	102.0		15	1
missing_component	Colon_cells	img_1	gt.png	23563.0	0.0	0.0	1374.0	0.0	0.0	279.0	0.0	0.0		0	1
missing_component	Colon_cells	img_1	pred_0.png	23211.0	0.0	352.0	1357.0	0.0	17.0	273.0	0.0	6.0		2	1
missing_component	Colon_cells	img_1	pred_1.png	22871.0	0.0	692.0	1337.0	0.0	37.0	268.0	0.0	11.0		11	1
missing_component	Colon_cells	img_1	pred_2.png	22436.0	0.0	1127.0	1322.0	0.0	52.0	263.0	0.0	16.0		6	1
missing_component	Colon_cells	img_1	pred_3.png	22085.0	0.0	1478.0	1310.0	0.0	64.0	258.0	0.0	21.0		13	1
missing_component	Colon_cells	img_1	pred_4.png	21641.0	0.0	1922.0	1295.0	0.0	79.0	253.0	0.0	26.0		7	1
missing_component	Colon_cells	img_1	pred_5.png	21358.0	0.0	2205.0	1268.0	0.0	106.0	248.0	0.0	31.0		14	1
missing_component	Colon_cells	img_1	pred_6.png	21005.0	0.0	2558.0	1253.0	0.0	121.0	243.0	0.0	36.0		9	1
missing_component	Colon_cells	img_1	pred_7.png	20738.0	0.0	2825.0	1232.0	0.0	142.0	238.0	0.0	41.0		10	1
missing_component	Colon_cells	img_1	pred_8.png	20316.0	0.0	3247.0	1212.0	0.0	162.0	233.0	0.0	46.0		19	1
missing_component	Colon_cells	img_1	pred_9.png	20050.0	0.0	3513.0	1203.0	0.0	171.0	228.0	0.0	51.0		20	1
missing_component	Colon_cells	img_1	pred_10.png	19600.0	0.0	3963.0	1175.0	0.0	199.0	224.0	0.0	55.0		5	1
missing_component	Colon_cells	img_1	pred_11.png	19275.0	0.0	4288.0	1164.0	0.0	210.0	219.0	0.0	60.0		16	1
missing_component	Colon_cells	img_1	pred_12.png	18962.0	0.0	4601.0	1147.0	0.0	227.0	214.0	0.0	65.0		17	1
missing_component	Colon_cells	img_1	pred_13.png	18629.0	0.0	4934.0	1126.0	0.0	248.0	209.0	0.0	70.0		8	1
missing_component	Colon_cells	img_1	pred_14.png	18098.0	0.0	5465.0	1097.0	0.0	277.0	204.0	0.0	75.0		12	1
missing_component	Colon_cells	img_1	pred_15.png	17743.0	0.0	5820.0	1074.0	0.0	300.0	199.0	0.0	80.0		1	1
missing_component	Colon_cells	img_1	pred_16.png	17410.0	0.0	6153.0	1054.0	0.0	320.0	194.0	0.0	85.0		3	1
missing_component	Colon_cells	img_1	pred_17.png	17117.0	0.0	6446.0	1038.0	0.0	336.0	189.0	0.0	90.0		18	1
missing_component	Colon_cells	img_1	pred_18.png	16440.0	0.0	7123.0	987.0	0.0	387.0	184.0	0.0	95.0		4	1
missing_component	Colon_cells	img_1	pred_19.png	15875.0	0.0	7688.0	958.0	0.0	416.0	179.0	0.0	100.0		15	1
missing_component	CREMI	img_0	gt.png	25478.0	0.0	0.0	8960.0	0.0	0.0	3.0	0.0	0.0		0	1
missing_component	CREMI	img_2	gt.png	25641.0	0.0	0.0	9016.0	0.0	0.0	4.0	0.0	0.0		0	1
missing_component	CREMI	img_1	gt.png	25520.0	0.0	0.0	8892.0	0.0	0.0	5.0	0.0	0.0		0	1
missing_component	LES-AV	img_0	gt.png	158725.0	0.0	0.0	16428.0	0.0	0.0	2.0	0.0	0.0		0	1
missing_component	LES-AV	img_2	gt.png	224228.0	0.0	0.0	18647.0	0.0	0.0	1.0	0.0	0.0		0	1
missing_component	LES-AV	img_1	gt.png	209704.0	0.0	0.0	20096.0	0.0	0.0	2.0	0.0	0.0		0	1
missing_component	Minivess	img_0	gt.png	63267.0	0.0	0.0	3009.0	0.0	0.0	22.0	0.0	0.0		0	1
missing_component	Minivess	img_0	pred_0.png	62991.0	0.0	276.0	2957.0	0.0	52.0	21.0	0.0	1.0		2	1
missing_component	Minivess	img_0	pred_1.png	62986.0	0.0	281.0	2956.0	0.0	53.0	20.0	0.0	2.0		11	1
missing_component	Minivess	img_0	pred_2.png	62980.0	0.0	287.0	2952.0	0.0	57.0	19.0	0.0	3.0		6	1
missing_component	Minivess	img_0	pred_3.png	62669.0	0.0	598.0	2879.0	0.0	130.0	18.0	0.0	4.0		13	1
missing_component	Minivess	img_0	pred_4.png	62421.0	0.0	846.0	2815.0	0.0	194.0	17.0	0.0	5.0		7	1
missing_component	Minivess	img_0	pred_5.png	62093.0	0.0	1174.0	2735.0	0.0	274.0	16.0	0.0	6.0		14	1
missing_component	Minivess	img_0	pred_6.png	62088.0	0.0	1179.0	2734.0	0.0	275.0	15.0	0.0	7.0		9	1
missing_component	Minivess	img_0	pred_7.png	62054.0	0.0	1213.0	2731.0	0.0	278.0	14.0	0.0	8.0		10	1
missing_component	Minivess	img_0	pred_8.png	62002.0	0.0	1265.0	2729.0	0.0	280.0	13.0	0.0	9.0		19	1
missing_component	Minivess	img_0	pred_9.png	61984.0	0.0	1283.0	2727.0	0.0	282.0	12.0	0.0	10.0		20	1
missing_component	Minivess	img_0	pred_10.png	61901.0	0.0	1366.0	2700.0	0.0	309.0	11.0	0.0	11.0		5	1
missing_component	Minivess	img_0	pred_11.png	61632.0	0.0	1635.0	2669.0	0.0	340.0	10.0	0.0	12.0		16	1
missing_component	Minivess	img_0	pred_12.png	61560.0	0.0	1707.0	2657.0	0.0	352.0	9.0	0.0	13.0		17	1
missing_component	Minivess	img_0	pred_13.png	60773.0	0.0	2494.0	2619.0	0.0	390.0	8.0	0.0	14.0		8	1
missing_component	Minivess	img_0	pred_14.png	59807.0	0.0	3460.0	2392.0	0.0	617.0	7.0	0.0	15.0		12	1
missing_component	Minivess	img_0	pred_15.png	59660.0	0.0	3607.0	2370.0	0.0	639.0	6.0	0.0	16.0		1	1
missing_component	Minivess	img_0	pred_16.png	59560.0	0.0	3707.0	2358.0	0.0	651.0	5.0	0.0	17.0		3	1
missing_component	Minivess	img_0	pred_17.png	59511.0	0.0	3756.0	2346.0	0.0	663.0	4.0	0.0	18.0		18	1
missing_component	Minivess	img_0	pred_18.png	59421.0	0.0	3846.0	2325.0	0.0	684.0	3.0	0.0	19.0		4	1
missing_component	Minivess	img_0	pred_19.png	59323.0	0.0	3944.0	2308.0	0.0	701.0	2.0	0.0	20.0		15	1
missing_component	Minivess	img_2	gt.png	44722.0	0.0	0.0	2022.0	0.0	0.0	42.0	0.0	0.0		0	1
missing_component	Minivess	img_2	pred_0.png	44127.0	0.0	595.0	1924.0	0.0	98.0	39.0	0.0	3.0		2	1
missing_component	Minivess	img_2	pred_1.png	43941.0	0.0	781.0	1905.0	0.0	117.0	37.0	0.0	5.0		11	1
missing_component	Minivess	img_2	pred_2.png	43888.0	0.0	834.0	1899.0	0.0	123.0	35.0	0.0	7.0		6	1
missing_component	Minivess	img_2	pred_3.png	43810.0	0.0	912.0	1890.0	0.0	132.0	33.0	0.0	9.0		13	1
missing_component	Minivess	img_2	pred_4.png	43768.0	0.0	954.0	1885.0	0.0	137.0	31.0	0.0	11.0		7	1
missing_component	Minivess	img_2	pred_5.png	43657.0	0.0	1065.0	1868.0	0.0	154.0	29.0	0.0	13.0		14	1
missing_component	Minivess	img_2	pred_6.png	43301.0	0.0	1421.0	1820.0	0.0	202.0	27.0	0.0	15.0		9	1
missing_component	Minivess	img_2	pred_7.png	43200.0	0.0	1522.0	1802.0	0.0	220.0	25.0	0.0	17.0		10	1
missing_component	Minivess	img_2	pred_8.png	42774.0	0.0	1948.0	1752.0	0.0	270.0	23.0	0.0	19.0		19	1
missing_component	Minivess	img_2	pred_9.png	9564.0	0.0	35158.0	550.0	0.0	1472.0	21.0	0.0	21.0		20	1
missing_component	Minivess	img_2	pred_10.png	9546.0	0.0	35176.0	548.0	0.0	1474.0	20.0	0.0	22.0		5	1
missing_component	Minivess	img_2	pred_11.png	8910.0	0.0	35812.0	459.0	0.0	1563.0	18.0	0.0	24.0		16	1
missing_component	Minivess	img_2	pred_12.png	8158.0	0.0	36564.0	421.0	0.0	1601.0	16.0	0.0	26.0		17	1
missing_component	Minivess	img_2	pred_13.png	8142.0	0.0	36580.0	417.0	0.0	1605.0	14.0	0.0	28.0		8	1
missing_component	Minivess	img_2	pred_14.png	8083.0	0.0	36639.0	408.0	0.0	1614.0	12.0	0.0	30.0		12	1
missing_component	Minivess	img_2	pred_15.png	7960.0	0.0	36762.0	403.0	0.0	1619.0	10.0	0.0	32.0		1	1
missing_component	Minivess	img_2	pred_16.png	7829.0	0.0	36893.0	378.0	0.0	1644.0	8.0	0.0	34.0		3	1
missing_component	Minivess	img_2	pred_17.png	4417.0	0.0	40305.0	248.0	0.0	1774.0	6.0	0.0	36.0		18	1
missing_component	Minivess	img_2	pred_18.png	4010.0	0.0	40712.0	194.0	0.0	1828.0	3.0	0.0	39.0		4	1
missing_component	Minivess	img_2	pred_19.png	3912.0	0.0	40810.0	177.0	0.0	1845.0	1.0	0.0	41.0		15	1
missing_component	Minivess	img_1	gt.png	56469.0	0.0	0.0	2510.0	0.0	0.0	27.0	0.0	0.0		0	1
missing_component	Minivess	img_1	pred_0.png	56339.0	0.0	130.0	2487.0	0.0	23.0	25.0	0.0	2.0		2	1
missing_component	Minivess	img_1	pred_1.png	56278.0	0.0	191.0	2476.0	0.0	34.0	24.0	0.0	3.0		11	1
missing_component	Minivess	img_1	pred_2.png	55998.0	0.0	471.0	2425.0	0.0	85.0	22.0	0.0	5.0		6	1
missing_component	Minivess	img_1	pred_3.png	55936.0	0.0	533.0	2408.0	0.0	102.0	21.0	0.0	6.0		13	1
missing_component	Minivess	img_1	pred_4.png	55922.0	0.0	547.0	2405.0	0.0	105.0	20.0	0.0	7.0		7	1
missing_component	Minivess	img_1	pred_5.png	55871.0	0.0	598.0	2399.0	0.0	111.0	18.0	0.0	9.0		14	1
missing_component	Minivess	img_1	pred_6.png	55828.0	0.0	641.0	2390.0	0.0	120.0	17.0	0.0	10.0		9	1
missing_component	Minivess	img_1	pred_7.png	55601.0	0.0	868.0	2370.0	0.0	140.0	16.0	0.0	11.0		10	1
missing_component	Minivess	img_1	pred_8.png	55541.0	0.0	928.0	2368.0	0.0	142.0	15.0	0.0	12.0		19	1
missing_component	Minivess	img_1	pred_9.png	55508.0	0.0	961.0	2364.0	0.0	146.0	14.0	0.0	13.0		20	1
missing_component	Minivess	img_1	pred_10.png	54787.0	0.0	1682.0	2291.0	0.0	219.0	12.0	0.0	15.0		5	1
missing_component	Minivess	img_1	pred_11.png	54641.0	0.0	1828.0	2268.0	0.0	242.0	11.0	0.0	16.0		16	1
missing_component	Minivess	img_1	pred_12.png	54630.0	0.0	1839.0	2266.0	0.0	244.0	10.0	0.0	17.0		17	1
missing_component	Minivess	img_1	pred_13.png	54541.0	0.0	1928.0	2256.0	0.0	254.0	8.0	0.0	19.0		8	1
missing_component	Minivess	img_1	pred_14.png	54484.0	0.0	1985.0	2246.0	0.0	264.0	7.0	0.0	20.0		12	1
missing_component	Minivess	img_1	pred_15.png	54333.0	0.0	2136.0	2230.0	0.0	280.0	6.0	0.0	21.0		1	1
missing_component	Minivess	img_1	pred_16.png	54205.0	0.0	2264.0	2204.0	0.0	306.0	5.0	0.0	22.0		3	1
missing_component	Minivess	img_1	pred_17.png	54178.0	0.0	2291.0	2201.0	0.0	309.0	4.0	0.0	23.0		18	1
missing_component	Minivess	img_1	pred_18.png	53873.0	0.0	2596.0	2148.0	0.0	362.0	2.0	0.0	25.0		4	1
missing_component	Minivess	img_1	pred_19.png	53686.0	0.0	2783.0	2141.0	0.0	369.0	1.0	0.0	26.0		15	1
missing_component	NeuroMorpho	img_0	gt.png	59104.0	0.0	0.0	18614.0	0.0	0.0	1.0	0.0	0.0		0	1
missing_component	NeuroMorpho	img_2	gt.png	86444.0	0.0	0.0	26268.0	0.0	0.0	1.0	0.0	0.0		0	1
missing_component	NeuroMorpho	img_1	gt.png	67749.0	0.0	0.0	21776.0	0.0	0.0	1.0	0.0	0.0		0	1
component_merging	Roads	img_0	gt.png	148257.0	0.0	0.0	21040.0	0.0	0.0	8.0	0.0	0.0		0	1
component_merging	Roads	img_2	gt.png	206563.0	0.0	0.0	31942.0	0.0	0.0	8.0	0.0	0.0		0	1
component_merging	Roads	img_1	gt.png	190626.0	0.0	0.0	26311.0	0.0	0.0	5.0	0.0	0.0		0	1
component_merging	Colon_cells	img_0	gt.png	11002.0	0.0	0.0	608.0	0.0	0.0	156.0	0.0	0.0		0	1
component_merging	Colon_cells	img_0	pred_0.png	11002.0	151.0	0.0	608.0	60.0	0.0	151.0	0.0	5.0		2	1
component_merging	Colon_cells	img_0	pred_1.png	11002.0	332.0	0.0	608.0	135.0	0.0	146.0	0.0	10.0		11	1
component_merging	Colon_cells	img_0	pred_2.png	11002.0	385.0	0.0	608.0	155.0	0.0	142.0	0.0	14.0		6	1
component_merging	Colon_cells	img_0	pred_3.png	11002.0	706.0	0.0	608.0	238.0	0.0	137.0	0.0	19.0		13	1
component_merging	Colon_cells	img_0	pred_4.png	11002.0	897.0	0.0	608.0	299.0	0.0	133.0	0.0	23.0		7	1
component_merging	Colon_cells	img_0	pred_5.png	11002.0	1068.0	0.0	608.0	364.0	0.0	128.0	0.0	28.0		14	1
component_merging	Colon_cells	img_0	pred_6.png	11002.0	1211.0	0.0	608.0	399.0	0.0	124.0	0.0	32.0		9	1
component_merging	Colon_cells	img_0	pred_7.png	11002.0	2043.0	0.0	608.0	539.0	0.0	119.0	0.0	37.0		10	1
component_merging	Colon_cells	img_0	pred_8.png	11002.0	2577.0	0.0	608.0	647.0	0.0	115.0	0.0	41.0		19	1
component_merging	Colon_cells	img_0	pred_9.png	11002.0	2965.0	0.0	608.0	739.0	0.0	111.0	0.0	45.0		20	1
component_merging	Colon_cells	img_0	pred_10.png	11002.0	3173.0	0.0	608.0	799.0	0.0	106.0	0.0	50.0		5	1
component_merging	Colon_cells	img_0	pred_11.png	11002.0	3266.0	0.0	608.0	833.0	0.0	102.0	0.0	54.0		16	1
component_merging	Colon_cells	img_0	pred_12.png	11002.0	3982.0	0.0	608.0	961.0	0.0	97.0	0.0	59.0		17	1
component_merging	Colon_cells	img_0	pred_13.png	11002.0	4680.0	0.0	608.0	1079.0	0.0	93.0	0.0	63.0		8	1
component_merging	Colon_cells	img_0	pred_14.png	11002.0	5430.0	0.0	608.0	1220.0	0.0	88.0	0.0	68.0		12	1
component_merging	Colon_cells	img_0	pred_15.png	11002.0	6095.0	0.0	608.0	1341.0	0.0	84.0	0.0	72.0		1	1
component_merging	Colon_cells	img_0	pred_16.png	11002.0	7239.0	0.0	608.0	1490.0	0.0	79.0	0.0	77.0		3	1
component_merging	Colon_cells	img_0	pred_17.png	11002.0	7670.0	0.0	608.0	1590.0	0.0	75.0	0.0	81.0		18	1
component_merging	Colon_cells	img_0	pred_18.png	11002.0	8352.0	0.0	608.0	1740.0	0.0	70.0	0.0	86.0		4	1
component_merging	Colon_cells	img_0	pred_19.png	11002.0	9471.0	0.0	608.0	1906.0	0.0	66.0	0.0	90.0		15	1
component_merging	Colon_cells	img_2	gt.png	22641.0	0.0	0.0	1257.0	0.0	0.0	239.0	0.0	0.0		0	1
component_merging	Colon_cells	img_2	pred_0.png	22641.0	212.0	0.0	1257.0	77.0	0.0	233.0	0.0	6.0		2	1
component_merging	Colon_cells	img_2	pred_1.png	22641.0	362.0	0.0	1257.0	131.0	0.0	228.0	0.0	11.0		11	1
component_merging	Colon_cells	img_2	pred_2.png	22641.0	530.0	0.0	1257.0	191.0	0.0	223.0	0.0	16.0		6	1
component_merging	Colon_cells	img_2	pred_3.png	22641.0	957.0	0.0	1257.0	302.0	0.0	218.0	0.0	21.0		13	1
component_merging	Colon_cells	img_2	pred_4.png	22641.0	1129.0	0.0	1257.0	363.0	0.0	213.0	0.0	26.0		7	1
component_merging	Colon_cells	img_2	pred_5.png	22641.0	1455.0	0.0	1257.0	446.0	0.0	208.0	0.0	31.0		14	1
component_merging	Colon_cells	img_2	pred_6.png	22641.0	1787.0	0.0	1257.0	530.0	0.0	203.0	0.0	36.0		9	1
component_merging	Colon_cells	img_2	pred_7.png	22641.0	2118.0	0.0	1257.0	615.0	0.0	198.0	0.0	41.0		10	1
component_merging	Colon_cells	img_2	pred_8.png	22641.0	2594.0	0.0	1257.0	735.0	0.0	193.0	0.0	46.0		19	1
component_merging	Colon_cells	img_2	pred_9.png	22641.0	2787.0	0.0	1257.0	798.0	0.0	188.0	0.0	51.0		20	1
component_merging	Colon_cells	img_2	pred_10.png	22641.0	3002.0	0.0	1257.0	864.0	0.0	184.0	0.0	55.0		5	1
component_merging	Colon_cells	img_2	pred_11.png	22641.0	3126.0	0.0	1257.0	912.0	0.0	179.0	0.0	60.0		16	1
component_merging	Colon_cells	img_2	pred_12.png	22641.0	3535.0	0.0	1257.0	1025.0	0.0	174.0	0.0	65.0		17	1
component_merging	Colon_cells	img_2	pred_13.png	22641.0	4001.0	0.0	1257.0	1138.0	0.0	169.0	0.0	70.0		8	1
component_merging	Colon_cells	img_2	pred_14.png	22641.0	4418.0	0.0	1257.0	1217.0	0.0	164.0	0.0	75.0		12	1
component_merging	Colon_cells	img_2	pred_15.png	22641.0	4762.0	0.0	1257.0	1301.0	0.0	159.0	0.0	80.0		1	1
component_merging	Colon_cells	img_2	pred_16.png	22641.0	5250.0	0.0	1257.0	1406.0	0.0	154.0	0.0	85.0		3	1
component_merging	Colon_cells	img_2	pred_17.png	22641.0	5457.0	0.0	1257.0	1472.0	0.0	149.0	0.0	90.0		18	1
component_merging	Colon_cells	img_2	pred_18.png	22641.0	5935.0	0.0	1257.0	1607.0	0.0	144.0	0.0	95.0		4	1
component_merging	Colon_cells	img_2	pred_19.png	22641.0	6808.0	0.0	1257.0	1744.0	0.0	139.0	0.0	100.0		15	1
component_merging	Colon_cells	img_1	gt.png	23563.0	0.0	0.0	1374.0	0.0	0.0	279.0	0.0	0.0		0	1
component_merging	Colon_cells	img_1	pred_0.png	23563.0	288.0	0.0	1374.0	78.0	0.0	273.0	0.0	6.0		2	1
component_merging	Colon_cells	img_1	pred_1.png	23563.0	481.0	0.0	1374.0	122.0	0.0	268.0	0.0	11.0		11	1
component_merging	Colon_cells	img_1	pred_2.png	23563.0	698.0	0.0	1374.0	177.0	0.0	263.0	0.0	16.0		6	1
component_merging	Colon_cells	img_1	pred_3.png	23563.0	868.0	0.0	1374.0	247.0	0.0	258.0	0.0	21.0		13	1
component_merging	Colon_cells	img_1	pred_4.png	23563.0	942.0	0.0	1374.0	284.0	0.0	253.0	0.0	26.0		7	1
component_merging	Colon_cells	img_1	pred_5.png	23563.0	1510.0	0.0	1374.0	399.0	0.0	248.0	0.0	31.0		14	1
component_merging	Colon_cells	img_1	pred_6.png	23563.0	1612.0	0.0	1374.0	437.0	0.0	243.0	0.0	36.0		9	1
component_merging	Colon_cells	img_1	pred_7.png	23563.0	1807.0	0.0	1374.0	498.0	0.0	238.0	0.0	41.0		10	1
component_merging	Colon_cells	img_1	pred_8.png	23563.0	1978.0	0.0	1374.0	559.0	0.0	233.0	0.0	46.0		19	1
component_merging	Colon_cells	img_1	pred_9.png	23563.0	2258.0	0.0	1374.0	629.0	0.0	228.0	0.0	51.0		20	1
component_merging	Colon_cells	img_1	pred_10.png	23563.0	2521.0	0.0	1374.0	710.0	0.0	224.0	0.0	55.0		5	1
component_merging	Colon_cells	img_1	pred_11.png	23563.0	2664.0	0.0	1374.0	753.0	0.0	219.0	0.0	60.0		16	1
component_merging	Colon_cells	img_1	pred_12.png	23563.0	2925.0	0.0	1374.0	849.0	0.0	214.0	0.0	65.0		17	1
component_merging	Colon_cells	img_1	pred_13.png	23563.0	3513.0	0.0	1374.0	972.0	0.0	209.0	0.0	70.0		8	1
component_merging	Colon_cells	img_1	pred_14.png	23563.0	4086.0	0.0	1374.0	1080.0	0.0	204.0	0.0	75.0		12	1
component_merging	Colon_cells	img_1	pred_15.png	23563.0	4398.0	0.0	1374.0	1162.0	0.0	199.0	0.0	80.0		1	1
component_merging	Colon_cells	img_1	pred_16.png	23563.0	4587.0	0.0	1374.0	1235.0	0.0	194.0	0.0	85.0		3	1
component_merging	Colon_cells	img_1	pred_17.png	23563.0	5156.0	0.0	1374.0	1355.0	0.0	189.0	0.0	90.0		18	1
component_merging	Colon_cells	img_1	pred_18.png	23563.0	5531.0	0.0	1374.0	1443.0	0.0	184.0	0.0	95.0		4	1
component_merging	Colon_cells	img_1	pred_19.png	23563.0	6117.0	0.0	1374.0	1523.0	0.0	179.0	0.0	100.0		15	1
component_merging	CREMI	img_0	gt.png	25478.0	0.0	0.0	8960.0	0.0	0.0	3.0	0.0	0.0		0	1
component_merging	CREMI	img_2	gt.png	25641.0	0.0	0.0	9016.0	0.0	0.0	4.0	0.0	0.0		0	1
component_merging	CREMI	img_1	gt.png	25520.0	0.0	0.0	8892.0	0.0	0.0	5.0	0.0	0.0		0	1
component_merging	LES-AV	img_0	gt.png	158725.0	0.0	0.0	16428.0	0.0	0.0	2.0	0.0	0.0		0	1
component_merging	LES-AV	img_2	gt.png	224228.0	0.0	0.0	18647.0	0.0	0.0	1.0	0.0	0.0		0	1
component_merging	LES-AV	img_1	gt.png	209704.0	0.0	0.0	20096.0	0.0	0.0	2.0	0.0	0.0		0	1
component_merging	Minivess	img_0	gt.png	63267.0	0.0	0.0	3009.0	0.0	0.0	22.0	0.0	0.0		0	1
component_merging	Minivess	img_0	pred_0.png	63267.0	318.0	0.0	3009.0	43.0	0.0	21.0	0.0	1.0		2	1
component_merging	Minivess	img_0	pred_1.png	63267.0	374.0	0.0	3009.0	57.0	0.0	20.0	0.0	2.0		10	1
component_merging	Minivess	img_0	pred_2.png	63267.0	778.0	0.0	3009.0	118.0	0.0	19.0	0.0	3.0		5	1
component_merging	Minivess	img_0	pred_3.png	63267.0	1615.0	0.0	3009.0	188.0	0.0	18.0	0.0	4.0		12	1
component_merging	Minivess	img_0	pred_4.png	63267.0	1635.0	0.0	3009.0	198.0	0.0	17.0	0.0	5.0		6	1
component_merging	Minivess	img_0	pred_5.png	63267.0	1894.0	0.0	3009.0	266.0	0.0	16.0	0.0	6.0		13	1
component_merging	Minivess	img_0	pred_6.png	63267.0	1919.0	0.0	3009.0	271.0	0.0	15.0	0.0	7.0		8	1
component_merging	Minivess	img_0	pred_7.png	63267.0	1965.0	0.0	3009.0	281.0	0.0	14.0	0.0	8.0		9	1
component_merging	Minivess	img_0	pred_8.png	63267.0	3061.0	0.0	3009.0	381.0	0.0	13.0	0.0	9.0		17	1
component_merging	Minivess	img_0	pred_9.png	63267.0	5641.0	0.0	3009.0	566.0	0.0	12.0	0.0	10.0		18	1
component_merging	Minivess	img_0	pred_10.png	63267.0	6175.0	0.0	3009.0	650.0	0.0	11.0	0.0	11.0		4	1
component_merging	Minivess	img_0	pred_11.png	63267.0	7053.0	0.0	3009.0	741.0	0.0	10.0	0.0	12.0		14	1
component_merging	Minivess	img_0	pred_12.png	63267.0	7221.0	0.0	3009.0	764.0	0.0	9.0	0.0	13.0		15	1
component_merging	Minivess	img_0	pred_13.png	63267.0	7808.0	0.0	3009.0	816.0	0.0	8.0	0.0	14.0		7	1
component_merging	Minivess	img_0	pred_14.png	63267.0	9142.0	0.0	3009.0	892.0	0.0	7.0	0.0	15.0		11	1
component_merging	Minivess	img_0	pred_15.png	63267.0	9579.0	0.0	3009.0	941.0	0.0	6.0	0.0	16.0		1	1
component_merging	Minivess	img_0	pred_16.png	63267.0	10447.0	0.0	3009.0	1017.0	0.0	5.0	0.0	17.0		3	1
component_merging	Minivess	img_0	pred_17.png	63267.0	13757.0	0.0	3009.0	1154.0	0.0	4.0	0.0	18.0		16	1
component_merging	Minivess	img_2	gt.png	44722.0	0.0	0.0	2022.0	0.0	0.0	42.0	0.0	0.0		0	1
component_merging	Minivess	img_2	pred_0.png	44722.0	1946.0	0.0	2022.0	179.0	0.0	40.0	0.0	2.0		2	1
component_merging	Minivess	img_2	pred_1.png	44722.0	1966.0	0.0	2022.0	185.0	0.0	39.0	0.0	3.0		11	1
component_merging	Minivess	img_2	pred_2.png	44722.0	2714.0	0.0	2022.0	298.0	0.0	37.0	0.0	5.0		6	1
component_merging	Minivess	img_2	pred_3.png	44722.0	2855.0	0.0	2022.0	320.0	0.0	36.0	0.0	6.0		13	1
component_merging	Minivess	img_2	pred_4.png	44722.0	5346.0	0.0	2022.0	482.0	0.0	35.0	0.0	7.0		7	1
component_merging	Minivess	img_2	pred_5.png	44722.0	5834.0	0.0	2022.0	548.0	0.0	34.0	0.0	8.0		14	1
component_merging	Minivess	img_2	pred_6.png	44722.0	6754.0	0.0	2022.0	648.0	0.0	33.0	0.0	9.0		9	1
component_merging	Minivess	img_2	pred_7.png	44722.0	7624.0	0.0	2022.0	748.0	0.0	31.0	0.0	11.0		10	1
component_merging	Minivess	img_2	pred_8.png	44722.0	7909.0	0.0	2022.0	789.0	0.0	30.0	0.0	12.0		19	1
component_merging	Minivess	img_2	pred_9.png	44722.0	7959.0	0.0	2022.0	799.0	0.0	29.0	0.0	13.0		20	1
component_merging	Minivess	img_2	pred_10.png	44722.0	12995.0	0.0	2022.0	1013.0	0.0	28.0	0.0	14.0		5	1
component_merging	Minivess	img_2	pred_11.png	44722.0	13675.0	0.0	2022.0	1064.0	0.0	27.0	0.0	15.0		16	1
component_merging	Minivess	img_2	pred_12.png	44722.0	13957.0	0.0	2022.0	1128.0	0.0	25.0	0.0	17.0		17	1
component_merging	Minivess	img_2	pred_13.png	44722.0	14767.0	0.0	2022.0	1170.0	0.0	24.0	0.0	18.0		8	1
component_merging	Minivess	img_2	pred_14.png	44722.0	14896.0	0.0	2022.0	1195.0	0.0	23.0	0.0	19.0		12	1
component_merging	Minivess	img_2	pred_15.png	44722.0	15090.0	0.0	2022.0	1217.0	0.0	22.0	0.0	20.0		1	1
component_merging	Minivess	img_2	pred_16.png	44722.0	15224.0	0.0	2022.0	1260.0	0.0	21.0	0.0	21.0		3	1
component_merging	Minivess	img_2	pred_17.png	44722.0	15785.0	0.0	2022.0	1324.0	0.0	19.0	0.0	23.0		18	1
component_merging	Minivess	img_2	pred_18.png	44722.0	15918.0	0.0	2022.0	1350.0	0.0	18.0	0.0	24.0		4	1
component_merging	Minivess	img_2	pred_19.png	44722.0	19149.0	0.0	2022.0	1493.0	0.0	17.0	0.0	25.0		15	1
component_merging	Minivess	img_1	gt.png	56469.0	0.0	0.0	2510.0	0.0	0.0	27.0	0.0	0.0		0	1
component_merging	Minivess	img_1	pred_0.png	56469.0	279.0	0.0	2510.0	66.0	0.0	26.0	0.0	1.0		2	1
component_merging	Minivess	img_1	pred_1.png	56469.0	360.0	0.0	2510.0	93.0	0.0	25.0	0.0	2.0		11	1
component_merging	Minivess	img_1	pred_2.png	56469.0	1584.0	0.0	2510.0	185.0	0.0	24.0	0.0	3.0		6	1
component_merging	Minivess	img_1	pred_3.png	56469.0	1834.0	0.0	2510.0	247.0	0.0	23.0	0.0	4.0		13	1
component_merging	Minivess	img_1	pred_4.png	56469.0	1964.0	0.0	2510.0	279.0	0.0	22.0	0.0	5.0		7	1
component_merging	Minivess	img_1	pred_5.png	56469.0	2000.0	0.0	2510.0	286.0	0.0	21.0	0.0	6.0		14	1
component_merging	Minivess	img_1	pred_6.png	56469.0	2108.0	0.0	2510.0	310.0	0.0	20.0	0.0	7.0		9	1
component_merging	Minivess	img_1	pred_7.png	56469.0	2115.0	0.0	2510.0	313.0	0.0	19.0	0.0	8.0		10	1
component_merging	Minivess	img_1	pred_8.png	56469.0	2892.0	0.0	2510.0	387.0	0.0	18.0	0.0	9.0		18	1
component_merging	Minivess	img_1	pred_9.png	56469.0	2915.0	0.0	2510.0	399.0	0.0	17.0	0.0	10.0		19	1
component_merging	Minivess	img_1	pred_10.png	56469.0	3098.0	0.0	2510.0	438.0	0.0	16.0	0.0	11.0		5	1
component_merging	Minivess	img_1	pred_11.png	56469.0	3165.0	0.0	2510.0	459.0	0.0	15.0	0.0	12.0		15	1
component_merging	Minivess	img_1	pred_12.png	56469.0	3257.0	0.0	2510.0	467.0	0.0	14.0	0.0	13.0		16	1
component_merging	Minivess	img_1	pred_13.png	56469.0	3569.0	0.0	2510.0	511.0	0.0	13.0	0.0	14.0		8	1
component_merging	Minivess	img_1	pred_14.png	56469.0	3806.0	0.0	2510.0	544.0	0.0	12.0	0.0	15.0		12	1
component_merging	Minivess	img_1	pred_15.png	56469.0	4229.0	0.0	2510.0	618.0	0.0	11.0	0.0	16.0		1	1
component_merging	Minivess	img_1	pred_16.png	56469.0	5534.0	0.0	2510.0	710.0	0.0	10.0	0.0	17.0		3	1
component_merging	Minivess	img_1	pred_17.png	56469.0	6897.0	0.0	2510.0	845.0	0.0	9.0	0.0	18.0		17	1
component_merging	Minivess	img_1	pred_18.png	56469.0	16690.0	0.0	2510.0	1095.0	0.0	8.0	0.0	19.0		4	1
component_merging	NeuroMorpho	img_0	gt.png	59104.0	0.0	0.0	18614.0	0.0	0.0	1.0	0.0	0.0		0	1
component_merging	NeuroMorpho	img_2	gt.png	86444.0	0.0	0.0	26268.0	0.0	0.0	1.0	0.0	0.0		0	1
component_merging	NeuroMorpho	img_1	gt.png	67749.0	0.0	0.0	21776.0	0.0	0.0	1.0	0.0	0.0		0	1
disconnection	Roads	img_0	gt.png	148257.0	0.0	0.0	21040.0	0.0	0.0	8.0	0.0	0.0		0	1
disconnection	Roads	img_0	pred_0.png	147000.0	0.0	1257.0	20872.0	0.0	168.0	8.0	6.0	0.0		2	1
disconnection	Roads	img_0	pred_1.png	146275.0	0.0	1982.0	20778.0	0.0	262.0	8.0	11.0	0.0		11	1
disconnection	Roads	img_0	pred_2.png	145469.0	0.0	2788.0	20689.0	0.0	351.0	8.0	16.0	0.0		6	1
disconnection	Roads	img_0	pred_3.png	144959.0	0.0	3298.0	20627.0	0.0	413.0	8.0	21.0	0.0		13	1
disconnection	Roads	img_0	pred_4.png	144149.0	0.0	4108.0	20510.0	0.0	530.0	8.0	26.0	0.0		7	1
disconnection	Roads	img_0	pred_5.png	143738.0	0.0	4519.0	20463.0	0.0	577.0	8.0	31.0	0.0		14	1
disconnection	Roads	img_0	pred_6.png	143034.0	0.0	5223.0	20366.0	0.0	674.0	8.0	36.0	0.0		9	1
disconnection	Roads	img_0	pred_7.png	141925.0	0.0	6332.0	20228.0	0.0	812.0	8.0	41.0	0.0		10	1
disconnection	Roads	img_0	pred_8.png	141571.0	0.0	6686.0	20176.0	0.0	864.0	8.0	46.0	0.0		19	1
disconnection	Roads	img_0	pred_9.png	141205.0	0.0	7052.0	20133.0	0.0	907.0	8.0	51.0	0.0		20	1
disconnection	Roads	img_0	pred_10.png	140763.0	0.0	7494.0	20079.0	0.0	961.0	8.0	55.0	0.0		5	1
disconnection	Roads	img_0	pred_11.png	140172.0	0.0	8085.0	19996.0	0.0	1044.0	8.0	60.0	0.0		16	1
disconnection	Roads	img_0	pred_12.png	139734.0	0.0	8523.0	19936.0	0.0	1104.0	8.0	65.0	0.0		17	1
disconnection	Roads	img_0	pred_13.png	139114.0	0.0	9143.0	19847.0	0.0	1193.0	8.0	70.0	0.0		8	1
disconnection	Roads	img_0	pred_14.png	138475.0	0.0	9782.0	19764.0	0.0	1276.0	8.0	75.0	0.0		12	1
disconnection	Roads	img_0	pred_15.png	138059.0	0.0	10198.0	19695.0	0.0	1345.0	8.0	80.0	0.0		1	1
disconnection	Roads	img_0	pred_16.png	137693.0	0.0	10564.0	19646.0	0.0	1394.0	8.0	85.0	0.0		3	1
disconnection	Roads	img_0	pred_17.png	137445.0	0.0	10812.0	19615.0	0.0	1425.0	8.0	90.0	0.0		18	1
disconnection	Roads	img_0	pred_18.png	136706.0	0.0	11551.0	19516.0	0.0	1524.0	8.0	95.0	0.0		4	1
disconnection	Roads	img_0	pred_19.png	136427.0	0.0	11830.0	19483.0	0.0	1557.0	8.0	100.0	0.0		15	1
disconnection	Roads	img_2	gt.png	206563.0	0.0	0.0	31942.0	0.0	0.0	8.0	0.0	0.0		0	1
disconnection	Roads	img_2	pred_0.png	204321.0	0.0	2242.0	31607.0	0.0	335.0	8.0	6.0	0.0		2	1
disconnection	Roads	img_2	pred_1.png	203432.0	0.0	3131.0	31481.0	0.0	461.0	8.0	11.0	0.0		11	1
disconnection	Roads	img_2	pred_2.png	202108.0	0.0	4455.0	31276.0	0.0	666.0	8.0	16.0	0.0		6	1
disconnection	Roads	img_2	pred_3.png	201305.0	0.0	5258.0	31161.0	0.0	781.0	8.0	21.0	0.0		13	1
disconnection	Roads	img_2	pred_4.png	199248.0	0.0	7315.0	30834.0	0.0	1108.0	8.0	26.0	0.0		7	1
disconnection	Roads	img_2	pred_5.png	198776.0	0.0	7787.0	30770.0	0.0	1172.0	8.0	31.0	0.0		14	1
disconnection	Roads	img_2	pred_6.png	197578.0	0.0	8985.0	30575.0	0.0	1367.0	8.0	36.0	0.0		9	1
disconnection	Roads	img_2	pred_7.png	197193.0	0.0	9370.0	30530.0	0.0	1412.0	8.0	41.0	0.0		10	1
disconnection	Roads	img_2	pred_8.png	196426.0	0.0	10137.0	30426.0	0.0	1516.0	8.0	46.0	0.0		19	1
disconnection	Roads	img_2	pred_9.png	195948.0	0.0	10615.0	30354.0	0.0	1588.0	8.0	51.0	0.0		20	1
disconnection	Roads	img_2	pred_10.png	194687.0	0.0	11876.0	30170.0	0.0	1772.0	8.0	55.0	0.0		5	1
disconnection	Roads	img_2	pred_11.png	194191.0	0.0	12372.0	30109.0	0.0	1833.0	8.0	60.0	0.0		16	1
disconnection	Roads	img_2	pred_12.png	193756.0	0.0	12807.0	30049.0	0.0	1893.0	8.0	65.0	0.0		17	1
disconnection	Roads	img_2	pred_13.png	193316.0	0.0	13247.0	29988.0	0.0	1954.0	8.0	70.0	0.0		8	1
disconnection	Roads	img_2	pred_14.png	192375.0	0.0	14188.0	29867.0	0.0	2075.0	8.0	75.0	0.0		12	1
disconnection	Roads	img_2	pred_15.png	192152.0	0.0	14411.0	29842.0	0.0	2100.0	8.0	80.0	0.0		1	1
disconnection	Roads	img_2	pred_16.png	191542.0	0.0	15021.0	29755.0	0.0	2187.0	8.0	85.0	0.0		3	1
disconnection	Roads	img_2	pred_17.png	191325.0	0.0	15238.0	29726.0	0.0	2216.0	8.0	90.0	0.0		18	1
disconnection	Roads	img_2	pred_18.png	190255.0	0.0	16308.0	29564.0	0.0	2378.0	8.0	95.0	0.0		4	1
disconnection	Roads	img_2	pred_19.png	189729.0	0.0	16834.0	29489.0	0.0	2453.0	8.0	100.0	0.0		15	1
disconnection	Roads	img_1	gt.png	190626.0	0.0	0.0	26311.0	0.0	0.0	5.0	0.0	0.0		0	1
disconnection	Roads	img_1	pred_0.png	189161.0	0.0	1465.0	26113.0	0.0	198.0	5.0	6.0	0.0		2	1
disconnection	Roads	img_1	pred_1.png	187908.0	0.0	2718.0	25959.0	0.0	352.0	5.0	11.0	0.0		11	1
disconnection	Roads	img_1	pred_2.png	186980.0	0.0	3646.0	25821.0	0.0	490.0	5.0	16.0	0.0		6	1
disconnection	Roads	img_1	pred_3.png	186456.0	0.0	4170.0	25756.0	0.0	555.0	5.0	21.0	0.0		13	1
disconnection	Roads	img_1	pred_4.png	185577.0	0.0	5049.0	25658.0	0.0	653.0	5.0	26.0	0.0		7	1
disconnection	Roads	img_1	pred_5.png	185018.0	0.0	5608.0	25593.0	0.0	718.0	5.0	31.0	0.0		14	1
disconnection	Roads	img_1	pred_6.png	184592.0	0.0	6034.0	25533.0	0.0	778.0	5.0	36.0	0.0		9	1
disconnection	Roads	img_1	pred_7.png	184029.0	0.0	6597.0	25471.0	0.0	840.0	5.0	41.0	0.0		10	1
disconnection	Roads	img_1	pred_8.png	182890.0	0.0	7736.0	25305.0	0.0	1006.0	5.0	46.0	0.0		19	1
disconnection	Roads	img_1	pred_9.png	182128.0	0.0	8498.0	25202.0	0.0	1109.0	5.0	51.0	0.0		20	1
disconnection	Roads	img_1	pred_10.png	181449.0	0.0	9177.0	25113.0	0.0	1198.0	5.0	55.0	0.0		5	1
disconnection	Roads	img_1	pred_11.png	181099.0	0.0	9527.0	25075.0	0.0	1236.0	5.0	60.0	0.0		16	1
disconnection	Roads	img_1	pred_12.png	180755.0	0.0	9871.0	25032.0	0.0	1279.0	5.0	65.0	0.0		17	1
disconnection	Roads	img_1	pred_13.png	180338.0	0.0	10288.0	24987.0	0.0	1324.0	5.0	70.0	0.0		8	1
disconnection	Roads	img_1	pred_14.png	179596.0	0.0	11030.0	24867.0	0.0	1444.0	5.0	75.0	0.0		12	1
disconnection	Roads	img_1	pred_15.png	178952.0	0.0	11674.0	24787.0	0.0	1524.0	5.0	80.0	0.0		1	1
disconnection	Roads	img_1	pred_16.png	178579.0	0.0	12047.0	24749.0	0.0	1562.0	5.0	85.0	0.0		3	1
disconnection	Roads	img_1	pred_17.png	178215.0	0.0	12411.0	24705.0	0.0	1606.0	5.0	90.0	0.0		18	1
disconnection	Roads	img_1	pred_18.png	177843.0	0.0	12783.0	24655.0	0.0	1656.0	5.0	95.0	0.0		4	1
disconnection	Roads	img_1	pred_19.png	177550.0	0.0	13076.0	24621.0	0.0	1690.0	5.0	100.0	0.0		15	1
disconnection	Colon_cells	img_0	gt.png	11002.0	0.0	0.0	608.0	0.0	0.0	156.0	0.0	0.0		0	1
disconnection	Colon_cells	img_2	gt.png	22641.0	0.0	0.0	1257.0	0.0	0.0	239.0	0.0	0.0		0	1
disconnection	Colon_cells	img_2	pred_0.png	22611.0	0.0	30.0	1252.0	0.0	5.0	239.0	1.0	0.0		2	1
disconnection	Colon_cells	img_2	pred_1.png	22483.0	0.0	158.0	1244.0	0.0	13.0	239.0	2.0	0.0		9	1
disconnection	Colon_cells	img_2	pred_2.png	22471.0	0.0	170.0	1240.0	0.0	17.0	239.0	3.0	0.0		4	1
disconnection	Colon_cells	img_2	pred_3.png	22352.0	0.0	289.0	1233.0	0.0	24.0	239.0	4.0	0.0		11	1
disconnection	Colon_cells	img_2	pred_4.png	22288.0	0.0	353.0	1228.0	0.0	29.0	239.0	5.0	0.0		5	1
disconnection	Colon_cells	img_2	pred_5.png	22254.0	0.0	387.0	1223.0	0.0	34.0	239.0	6.0	0.0		12	1
disconnection	Colon_cells	img_2	pred_6.png	22110.0	0.0	531.0	1215.0	0.0	42.0	239.0	7.0	0.0		7	1
disconnection	Colon_cells	img_2	pred_7.png	22028.0	0.0	613.0	1210.0	0.0	47.0	239.0	8.0	0.0		8	1
disconnection	Colon_cells	img_2	pred_8.png	21946.0	0.0	695.0	1205.0	0.0	52.0	239.0	9.0	0.0		15	1
disconnection	Colon_cells	img_2	pred_9.png	21877.0	0.0	764.0	1198.0	0.0	59.0	239.0	10.0	0.0		16	1
disconnection	Colon_cells	img_2	pred_10.png	21821.0	0.0	820.0	1192.0	0.0	65.0	239.0	11.0	0.0		3	1
disconnection	Colon_cells	img_2	pred_11.png	21772.0	0.0	869.0	1187.0	0.0	70.0	239.0	12.0	0.0		13	1
disconnection	Colon_cells	img_2	pred_12.png	21728.0	0.0	913.0	1184.0	0.0	73.0	239.0	13.0	0.0		14	1
disconnection	Colon_cells	img_2	pred_13.png	21668.0	0.0	973.0	1180.0	0.0	77.0	239.0	14.0	0.0		6	1
disconnection	Colon_cells	img_2	pred_14.png	21581.0	0.0	1060.0	1177.0	0.0	80.0	239.0	15.0	0.0		10	1
disconnection	Colon_cells	img_2	pred_15.png	21527.0	0.0	1114.0	1170.0	0.0	87.0	239.0	16.0	0.0		1	1
disconnection	Colon_cells	img_1	gt.png	23563.0	0.0	0.0	1374.0	0.0	0.0	279.0	0.0	0.0		0	1
disconnection	Colon_cells	img_1	pred_0.png	23517.0	0.0	46.0	1370.0	0.0	4.0	279.0	1.0	0.0		2	1
disconnection	Colon_cells	img_1	pred_1.png	23471.0	0.0	92.0	1365.0	0.0	9.0	279.0	2.0	0.0		10	1
disconnection	Colon_cells	img_1	pred_2.png	23373.0	0.0	190.0	1356.0	0.0	18.0	279.0	3.0	0.0		5	1
disconnection	Colon_cells	img_1	pred_3.png	23297.0	0.0	266.0	1350.0	0.0	24.0	279.0	4.0	0.0		12	1
disconnection	Colon_cells	img_1	pred_4.png	23268.0	0.0	295.0	1346.0	0.0	28.0	279.0	5.0	0.0		6	1
disconnection	Colon_cells	img_1	pred_5.png	23154.0	0.0	409.0	1338.0	0.0	36.0	279.0	6.0	0.0		13	1
disconnection	Colon_cells	img_1	pred_6.png	23061.0	0.0	502.0	1328.0	0.0	46.0	279.0	7.0	0.0		8	1
disconnection	Colon_cells	img_1	pred_7.png	23041.0	0.0	522.0	1323.0	0.0	51.0	279.0	8.0	0.0		9	1
disconnection	Colon_cells	img_1	pred_8.png	22954.0	0.0	609.0	1316.0	0.0	58.0	279.0	9.0	0.0		17	1
disconnection	Colon_cells	img_1	pred_9.png	22822.0	0.0	741.0	1308.0	0.0	66.0	279.0	10.0	0.0		18	1
disconnection	Colon_cells	img_1	pred_10.png	22816.0	0.0	747.0	1306.0	0.0	68.0	279.0	11.0	0.0		4	1
disconnection	Colon_cells	img_1	pred_11.png	22733.0	0.0	830.0	1299.0	0.0	75.0	279.0	12.0	0.0		14	1
disconnection	Colon_cells	img_1	pred_12.png	22692.0	0.0	871.0	1294.0	0.0	80.0	279.0	13.0	0.0		15	1
disconnection	Colon_cells	img_1	pred_13.png	22668.0	0.0	895.0	1290.0	0.0	84.0	279.0	14.0	0.0		7	1
disconnection	Colon_cells	img_1	pred_14.png	22594.0	0.0	969.0	1283.0	0.0	91.0	279.0	15.0	0.0		11	1
disconnection	Colon_cells	img_1	pred_15.png	22563.0	0.0	1000.0	1279.0	0.0	95.0	279.0	16.0	0.0		1	1
disconnection	Colon_cells	img_1	pred_16.png	22495.0	0.0	1068.0	1273.0	0.0	101.0	279.0	17.0	0.0		3	1
disconnection	Colon_cells	img_1	pred_17.png	22409.0	0.0	1154.0	1265.0	0.0	109.0	279.0	18.0	0.0		16	1
disconnection	CREMI	img_0	gt.png	25478.0	0.0	0.0	8960.0	0.0	0.0	3.0	0.0	0.0		0	1
disconnection	CREMI	img_0	pred_0.png	25396.0	0.0	82.0	8931.0	0.0	29.0	3.0	4.0	0.0		2	1
disconnection	CREMI	img_0	pred_1.png	25363.0	0.0	115.0	8922.0	0.0	38.0	3.0	7.0	0.0		11	1
disconnection	CREMI	img_0	pred_2.png	25306.0	0.0	172.0	8906.0	0.0	54.0	3.0	10.0	0.0		6	1
disconnection	CREMI	img_0	pred_3.png	25268.0	0.0	210.0	8893.0	0.0	67.0	3.0	13.0	0.0		13	1
disconnection	CREMI	img_0	pred_4.png	25233.0	0.0	245.0	8879.0	0.0	81.0	3.0	16.0	0.0		7	1
disconnection	CREMI	img_0	pred_5.png	25203.0	0.0	275.0	8872.0	0.0	88.0	3.0	19.0	0.0		14	1
disconnection	CREMI	img_0	pred_6.png	25170.0	0.0	308.0	8865.0	0.0	95.0	3.0	22.0	0.0		9	1
disconnection	CREMI	img_0	pred_7.png	25133.0	0.0	345.0	8853.0	0.0	107.0	3.0	25.0	0.0		10	1
disconnection	CREMI	img_0	pred_8.png	25100.0	0.0	378.0	8843.0	0.0	117.0	3.0	28.0	0.0		19	1
disconnection	CREMI	img_0	pred_9.png	25070.0	0.0	408.0	8837.0	0.0	123.0	3.0	31.0	0.0		20	1
disconnection	CREMI	img_0	pred_10.png	25025.0	0.0	453.0	8824.0	0.0	136.0	3.0	34.0	0.0		5	1
disconnection	CREMI	img_0	pred_11.png	24992.0	0.0	486.0	8815.0	0.0	145.0	3.0	37.0	0.0		16	1
disconnection	CREMI	img_0	pred_12.png	24962.0	0.0	516.0	8808.0	0.0	152.0	3.0	40.0	0.0		17	1
disconnection	CREMI	img_0	pred_13.png	24930.0	0.0	548.0	8799.0	0.0	161.0	3.0	43.0	0.0		8	1
disconnection	CREMI	img_0	pred_14.png	24894.0	0.0	584.0	8787.0	0.0	173.0	3.0	46.0	0.0		12	1
disconnection	CREMI	img_0	pred_15.png	24843.0	0.0	635.0	8773.0	0.0	187.0	3.0	49.0	0.0		1	1
disconnection	CREMI	img_0	pred_16.png	24810.0	0.0	668.0	8764.0	0.0	196.0	3.0	52.0	0.0		3	1
disconnection	CREMI	img_0	pred_17.png	24780.0	0.0	698.0	8755.0	0.0	205.0	3.0	55.0	0.0		18	1
disconnection	CREMI	img_0	pred_18.png	24732.0	0.0	746.0	8740.0	0.0	220.0	3.0	58.0	0.0		4	1
disconnection	CREMI	img_0	pred_19.png	24702.0	0.0	776.0	8734.0	0.0	226.0	3.0	61.0	0.0		15	1
disconnection	CREMI	img_2	gt.png	25641.0	0.0	0.0	9016.0	0.0	0.0	4.0	0.0	0.0		0	1
disconnection	CREMI	img_2	pred_0.png	25580.0	0.0	61.0	9000.0	0.0	16.0	4.0	5.0	0.0		2	1
disconnection	CREMI	img_2	pred_1.png	25538.0	0.0	103.0	8988.0	0.0	28.0	4.0	8.0	0.0		11	1
disconnection	CREMI	img_2	pred_2.png	25498.0	0.0	143.0	8976.0	0.0	40.0	4.0	12.0	0.0		6	1
disconnection	CREMI	img_2	pred_3.png	25468.0	0.0	173.0	8969.0	0.0	47.0	4.0	15.0	0.0		13	1
disconnection	CREMI	img_2	pred_4.png	25395.0	0.0	246.0	8947.0	0.0	69.0	4.0	19.0	0.0		7	1
disconnection	CREMI	img_2	pred_5.png	25347.0	0.0	294.0	8932.0	0.0	84.0	4.0	22.0	0.0		14	1
disconnection	CREMI	img_2	pred_6.png	25278.0	0.0	363.0	8909.0	0.0	107.0	4.0	26.0	0.0		9	1
disconnection	CREMI	img_2	pred_7.png	25249.0	0.0	392.0	8902.0	0.0	114.0	4.0	29.0	0.0		10	1
disconnection	CREMI	img_2	pred_8.png	25182.0	0.0	459.0	8884.0	0.0	132.0	4.0	33.0	0.0		19	1
disconnection	CREMI	img_2	pred_9.png	25119.0	0.0	522.0	8865.0	0.0	151.0	4.0	37.0	0.0		20	1
disconnection	CREMI	img_2	pred_10.png	25074.0	0.0	567.0	8856.0	0.0	160.0	4.0	40.0	0.0		5	1
disconnection	CREMI	img_2	pred_11.png	25033.0	0.0	608.0	8843.0	0.0	173.0	4.0	44.0	0.0		16	1
disconnection	CREMI	img_2	pred_12.png	24991.0	0.0	650.0	8829.0	0.0	187.0	4.0	47.0	0.0		17	1
disconnection	CREMI	img_2	pred_13.png	24915.0	0.0	726.0	8808.0	0.0	208.0	4.0	51.0	0.0		8	1
disconnection	CREMI	img_2	pred_14.png	24879.0	0.0	762.0	8798.0	0.0	218.0	4.0	54.0	0.0		12	1
disconnection	CREMI	img_2	pred_15.png	24833.0	0.0	808.0	8786.0	0.0	230.0	4.0	58.0	0.0		1	1
disconnection	CREMI	img_2	pred_16.png	24803.0	0.0	838.0	8775.0	0.0	241.0	4.0	61.0	0.0		3	1
disconnection	CREMI	img_2	pred_17.png	24751.0	0.0	890.0	8759.0	0.0	257.0	4.0	65.0	0.0		18	1
disconnection	CREMI	img_2	pred_18.png	24721.0	0.0	920.0	8750.0	0.0	266.0	4.0	68.0	0.0		4	1
disconnection	CREMI	img_2	pred_19.png	24669.0	0.0	972.0	8734.0	0.0	282.0	4.0	72.0	0.0		15	1
disconnection	CREMI	img_1	gt.png	25520.0	0.0	0.0	8892.0	0.0	0.0	5.0	0.0	0.0		0	1
disconnection	CREMI	img_1	pred_0.png	25441.0	0.0	79.0	8870.0	0.0	22.0	5.0	4.0	0.0		2	1
disconnection	CREMI	img_1	pred_1.png	25380.0	0.0	140.0	8850.0	0.0	42.0	5.0	8.0	0.0		11	1
disconnection	CREMI	img_1	pred_2.png	25350.0	0.0	170.0	8842.0	0.0	50.0	5.0	11.0	0.0		6	1
disconnection	CREMI	img_1	pred_3.png	25312.0	0.0	208.0	8834.0	0.0	58.0	5.0	15.0	0.0		13	1
disconnection	CREMI	img_1	pred_4.png	25251.0	0.0	269.0	8817.0	0.0	75.0	5.0	18.0	0.0		7	1
disconnection	CREMI	img_1	pred_5.png	25211.0	0.0	309.0	8806.0	0.0	86.0	5.0	22.0	0.0		14	1
disconnection	CREMI	img_1	pred_6.png	25151.0	0.0	369.0	8788.0	0.0	104.0	5.0	25.0	0.0		9	1
disconnection	CREMI	img_1	pred_7.png	25103.0	0.0	417.0	8775.0	0.0	117.0	5.0	29.0	0.0		10	1
disconnection	CREMI	img_1	pred_8.png	25070.0	0.0	450.0	8766.0	0.0	126.0	5.0	32.0	0.0		19	1
disconnection	CREMI	img_1	pred_9.png	25040.0	0.0	480.0	8759.0	0.0	133.0	5.0	35.0	0.0		20	1
disconnection	CREMI	img_1	pred_10.png	24994.0	0.0	526.0	8745.0	0.0	147.0	5.0	39.0	0.0		5	1
disconnection	CREMI	img_1	pred_11.png	24958.0	0.0	562.0	8733.0	0.0	159.0	5.0	42.0	0.0		16	1
disconnection	CREMI	img_1	pred_12.png	24909.0	0.0	611.0	8721.0	0.0	171.0	5.0	46.0	0.0		17	1
disconnection	CREMI	img_1	pred_13.png	24868.0	0.0	652.0	8708.0	0.0	184.0	5.0	49.0	0.0		8	1
disconnection	CREMI	img_1	pred_14.png	24828.0	0.0	692.0	8697.0	0.0	195.0	5.0	53.0	0.0		12	1
disconnection	CREMI	img_1	pred_15.png	24783.0	0.0	737.0	8690.0	0.0	202.0	5.0	56.0	0.0		1	1
disconnection	CREMI	img_1	pred_16.png	24743.0	0.0	777.0	8677.0	0.0	215.0	5.0	60.0	0.0		3	1
disconnection	CREMI	img_1	pred_17.png	24688.0	0.0	832.0	8662.0	0.0	230.0	5.0	63.0	0.0		18	1
disconnection	CREMI	img_1	pred_18.png	24634.0	0.0	886.0	8643.0	0.0	249.0	5.0	67.0	0.0		4	1
disconnection	CREMI	img_1	pred_19.png	24574.0	0.0	946.0	8626.0	0.0	266.0	5.0	70.0	0.0		15	1
disconnection	LES-AV	img_0	gt.png	158725.0	0.0	0.0	16428.0	0.0	0.0	2.0	0.0	0.0		0	1
disconnection	LES-AV	img_0	pred_0.png	157470.0	0.0	1255.0	16199.0	0.0	229.0	2.0	6.0	0.0		2	1
disconnection	LES-AV	img_0	pred_1.png	156278.0	0.0	2447.0	16008.0	0.0	420.0	2.0	11.0	0.0		11	1
disconnection	LES-AV	img_0	pred_2.png	155208.0	0.0	3517.0	15793.0	0.0	635.0	2.0	16.0	0.0		6	1
disconnection	LES-AV	img_0	pred_3.png	155044.0	0.0	3681.0	15767.0	0.0	661.0	2.0	21.0	0.0		13	1
disconnection	LES-AV	img_0	pred_4.png	153170.0	0.0	5555.0	15591.0	0.0	837.0	2.0	26.0	0.0		7	1
disconnection	LES-AV	img_0	pred_5.png	151847.0	0.0	6878.0	15422.0	0.0	1006.0	2.0	31.0	0.0		14	1
disconnection	LES-AV	img_0	pred_6.png	151419.0	0.0	7306.0	15363.0	0.0	1065.0	2.0	36.0	0.0		9	1
disconnection	LES-AV	img_0	pred_7.png	149861.0	0.0	8864.0	15199.0	0.0	1229.0	2.0	41.0	0.0		10	1
disconnection	LES-AV	img_0	pred_8.png	148992.0	0.0	9733.0	15055.0	0.0	1373.0	2.0	46.0	0.0		19	1
disconnection	LES-AV	img_0	pred_9.png	148343.0	0.0	10382.0	15006.0	0.0	1422.0	2.0	51.0	0.0		20	1
disconnection	LES-AV	img_0	pred_10.png	148073.0	0.0	10652.0	14978.0	0.0	1450.0	2.0	55.0	0.0		5	1
disconnection	LES-AV	img_0	pred_11.png	147522.0	0.0	11203.0	14895.0	0.0	1533.0	2.0	60.0	0.0		16	1
disconnection	LES-AV	img_0	pred_12.png	146891.0	0.0	11834.0	14814.0	0.0	1614.0	2.0	65.0	0.0		17	1
disconnection	LES-AV	img_0	pred_13.png	146537.0	0.0	12188.0	14743.0	0.0	1685.0	2.0	70.0	0.0		8	1
disconnection	LES-AV	img_0	pred_14.png	145430.0	0.0	13295.0	14654.0	0.0	1774.0	2.0	75.0	0.0		12	1
disconnection	LES-AV	img_0	pred_15.png	144958.0	0.0	13767.0	14597.0	0.0	1831.0	2.0	80.0	0.0		1	1
disconnection	LES-AV	img_0	pred_16.png	144341.0	0.0	14384.0	14545.0	0.0	1883.0	2.0	85.0	0.0		3	1
disconnection	LES-AV	img_0	pred_17.png	143566.0	0.0	15159.0	14420.0	0.0	2008.0	2.0	90.0	0.0		18	1
disconnection	LES-AV	img_0	pred_18.png	142888.0	0.0	15837.0	14305.0	0.0	2123.0	2.0	95.0	0.0		4	1
disconnection	LES-AV	img_0	pred_19.png	142595.0	0.0	16130.0	14282.0	0.0	2146.0	2.0	100.0	0.0		15	1
disconnection	LES-AV	img_2	gt.png	224228.0	0.0	0.0	18647.0	0.0	0.0	1.0	0.0	0.0		0	1
disconnection	LES-AV	img_2	pred_0.png	223198.0	0.0	1030.0	18521.0	0.0	126.0	1.0	6.0	0.0		2	1
disconnection	LES-AV	img_2	pred_1.png	222203.0	0.0	2025.0	18405.0	0.0	242.0	1.0	11.0	0.0		11	1
disconnection	LES-AV	img_2	pred_2.png	221332.0	0.0	2896.0	18291.0	0.0	356.0	1.0	16.0	0.0		6	1
disconnection	LES-AV	img_2	pred_3.png	218809.0	0.0	5419.0	18092.0	0.0	555.0	1.0	21.0	0.0		13	1
disconnection	LES-AV	img_2	pred_4.png	217741.0	0.0	6487.0	17975.0	0.0	672.0	1.0	26.0	0.0		7	1
disconnection	LES-AV	img_2	pred_5.png	216258.0	0.0	7970.0	17838.0	0.0	809.0	1.0	31.0	0.0		14	1
disconnection	LES-AV	img_2	pred_6.png	215111.0	0.0	9117.0	17740.0	0.0	907.0	1.0	36.0	0.0		9	1
disconnection	LES-AV	img_2	pred_7.png	212145.0	0.0	12083.0	17581.0	0.0	1066.0	1.0	41.0	0.0		10	1
disconnection	LES-AV	img_2	pred_8.png	211646.0	0.0	12582.0	17496.0	0.0	1151.0	1.0	46.0	0.0		19	1
disconnection	LES-AV	img_2	pred_9.png	210517.0	0.0	13711.0	17396.0	0.0	1251.0	1.0	51.0	0.0		20	1
disconnection	LES-AV	img_2	pred_10.png	209717.0	0.0	14511.0	17332.0	0.0	1315.0	1.0	55.0	0.0		5	1
disconnection	LES-AV	img_2	pred_11.png	208653.0	0.0	15575.0	17173.0	0.0	1474.0	1.0	60.0	0.0		16	1
disconnection	LES-AV	img_2	pred_12.png	207869.0	0.0	16359.0	17102.0	0.0	1545.0	1.0	65.0	0.0		17	1
disconnection	LES-AV	img_2	pred_13.png	206450.0	0.0	17778.0	16996.0	0.0	1651.0	1.0	70.0	0.0		8	1
disconnection	LES-AV	img_2	pred_14.png	204699.0	0.0	19529.0	16861.0	0.0	1786.0	1.0	75.0	0.0		12	1
disconnection	LES-AV	img_2	pred_15.png	203644.0	0.0	20584.0	16769.0	0.0	1878.0	1.0	80.0	0.0		1	1
disconnection	LES-AV	img_2	pred_16.png	200727.0	0.0	23501.0	16622.0	0.0	2025.0	1.0	85.0	0.0		3	1
disconnection	LES-AV	img_2	pred_17.png	199779.0	0.0	24449.0	16519.0	0.0	2128.0	1.0	90.0	0.0		18	1
disconnection	LES-AV	img_2	pred_18.png	198331.0	0.0	25897.0	16390.0	0.0	2257.0	1.0	95.0	0.0		4	1
disconnection	LES-AV	img_2	pred_19.png	197329.0	0.0	26899.0	16317.0	0.0	2330.0	1.0	100.0	0.0		15	1
disconnection	LES-AV	img_1	gt.png	209704.0	0.0	0.0	20096.0	0.0	0.0	2.0	0.0	0.0		0	1
disconnection	LES-AV	img_1	pred_0.png	205657.0	0.0	4047.0	19744.0	0.0	352.0	2.0	6.0	0.0		2	1
disconnection	LES-AV	img_1	pred_1.png	204918.0	0.0	4786.0	19633.0	0.0	463.0	2.0	11.0	0.0		11	1
disconnection	LES-AV	img_1	pred_2.png	201468.0	0.0	8236.0	19301.0	0.0	795.0	2.0	16.0	0.0		6	1
disconnection	LES-AV	img_1	pred_3.png	200967.0	0.0	8737.0	19201.0	0.0	895.0	2.0	21.0	0.0		13	1
disconnection	LES-AV	img_1	pred_4.png	197445.0	0.0	12259.0	18819.0	0.0	1277.0	2.0	26.0	0.0		7	1
disconnection	LES-AV	img_1	pred_5.png	195260.0	0.0	14444.0	18579.0	0.0	1517.0	2.0	31.0	0.0		14	1
disconnection	LES-AV	img_1	pred_6.png	193042.0	0.0	16662.0	18213.0	0.0	1883.0	2.0	36.0	0.0		9	1
disconnection	LES-AV	img_1	pred_7.png	192539.0	0.0	17165.0	18128.0	0.0	1968.0	2.0	41.0	0.0		10	1
disconnection	LES-AV	img_1	pred_8.png	190830.0	0.0	18874.0	17971.0	0.0	2125.0	2.0	46.0	0.0		19	1
disconnection	LES-AV	img_1	pred_9.png	190512.0	0.0	19192.0	17931.0	0.0	2165.0	2.0	51.0	0.0		20	1
disconnection	LES-AV	img_1	pred_10.png	189958.0	0.0	19746.0	17847.0	0.0	2249.0	2.0	55.0	0.0		5	1
disconnection	LES-AV	img_1	pred_11.png	187578.0	0.0	22126.0	17661.0	0.0	2435.0	2.0	60.0	0.0		16	1
disconnection	LES-AV	img_1	pred_12.png	186510.0	0.0	23194.0	17530.0	0.0	2566.0	2.0	65.0	0.0		17	1
disconnection	LES-AV	img_1	pred_13.png	185785.0	0.0	23919.0	17420.0	0.0	2676.0	2.0	70.0	0.0		8	1
disconnection	LES-AV	img_1	pred_14.png	185523.0	0.0	24181.0	17376.0	0.0	2720.0	2.0	75.0	0.0		12	1
disconnection	LES-AV	img_1	pred_15.png	184191.0	0.0	25513.0	17290.0	0.0	2806.0	2.0	80.0	0.0		1	1
disconnection	LES-AV	img_1	pred_16.png	183686.0	0.0	26018.0	17229.0	0.0	2867.0	2.0	85.0	0.0		3	1
disconnection	LES-AV	img_1	pred_17.png	182974.0	0.0	26730.0	17115.0	0.0	2981.0	2.0	90.0	0.0		18	1
disconnection	LES-AV	img_1	pred_18.png	182643.0	0.0	27061.0	17062.0	0.0	3034.0	2.0	95.0	0.0		4	1
disconnection	LES-AV	img_1	pred_19.png	181678.0	0.0	28026.0	16955.0	0.0	3141.0	2.0	100.0	0.0		15	1
disconnection	Minivess	img_0	gt.png	63267.0	0.0	0.0	3009.0	0.0	0.0	22.0	0.0	0.0		0	1
disconnection	Minivess	img_0	pred_0.png	58122.0	0.0	5145.0	2885.0	0.0	124.0	22.0	6.0	0.0		2	1
disconnection	Minivess	img_0	pred_1.png	57457.0	0.0	5810.0	2831.0	0.0	178.0	22.0	11.0	0.0		11	1
disconnection	Minivess	img_0	pred_2.png	56089.0	0.0	7178.0	2746.0	0.0	263.0	22.0	16.0	0.0		6	1
disconnection	Minivess	img_0	pred_3.png	54910.0	0.0	8357.0	2714.0	0.0	295.0	22.0	20.0	0.0		13	1
disconnection	Minivess	img_0	pred_4.png	54179.0	0.0	9088.0	2642.0	0.0	367.0	22.0	25.0	0.0		7	1
disconnection	Minivess	img_0	pred_5.png	52342.0	0.0	10925.0	2565.0	0.0	444.0	22.0	30.0	0.0		14	1
disconnection	Minivess	img_0	pred_6.png	49520.0	0.0	13747.0	2456.0	0.0	553.0	22.0	35.0	0.0		9	1
disconnection	Minivess	img_0	pred_7.png	48250.0	0.0	15017.0	2382.0	0.0	627.0	22.0	40.0	0.0		10	1
disconnection	Minivess	img_0	pred_8.png	46564.0	0.0	16703.0	2334.0	0.0	675.0	22.0	45.0	0.0		19	1
disconnection	Minivess	img_0	pred_9.png	45719.0	0.0	17548.0	2312.0	0.0	697.0	22.0	49.0	0.0		20	1
disconnection	Minivess	img_0	pred_10.png	45375.0	0.0	17892.0	2274.0	0.0	735.0	22.0	54.0	0.0		5	1
disconnection	Minivess	img_0	pred_11.png	44012.0	0.0	19255.0	2224.0	0.0	785.0	22.0	59.0	0.0		16	1
disconnection	Minivess	img_0	pred_12.png	43910.0	0.0	19357.0	2198.0	0.0	811.0	22.0	64.0	0.0		17	1
disconnection	Minivess	img_0	pred_13.png	43282.0	0.0	19985.0	2138.0	0.0	871.0	22.0	69.0	0.0		8	1
disconnection	Minivess	img_0	pred_14.png	43150.0	0.0	20117.0	2106.0	0.0	903.0	22.0	74.0	0.0		12	1
disconnection	Minivess	img_0	pred_15.png	42963.0	0.0	20304.0	2081.0	0.0	928.0	22.0	79.0	0.0		1	1
disconnection	Minivess	img_0	pred_16.png	40713.0	0.0	22554.0	2024.0	0.0	985.0	22.0	83.0	0.0		3	1
disconnection	Minivess	img_0	pred_17.png	39704.0	0.0	23563.0	1978.0	0.0	1031.0	22.0	88.0	0.0		18	1
disconnection	Minivess	img_0	pred_18.png	39418.0	0.0	23849.0	1933.0	0.0	1076.0	22.0	93.0	0.0		4	1
disconnection	Minivess	img_0	pred_19.png	39298.0	0.0	23969.0	1908.0	0.0	1101.0	22.0	98.0	0.0		15	1
disconnection	Minivess	img_2	gt.png	44722.0	0.0	0.0	2022.0	0.0	0.0	42.0	0.0	0.0		0	1
disconnection	Minivess	img_2	pred_0.png	43147.0	0.0	1575.0	1966.0	0.0	56.0	42.0	4.0	0.0		2	1
disconnection	Minivess	img_2	pred_1.png	42566.0	0.0	2156.0	1948.0	0.0	74.0	42.0	7.0	0.0		11	1
disconnection	Minivess	img_2	pred_2.png	40912.0	0.0	3810.0	1904.0	0.0	118.0	42.0	10.0	0.0		6	1
disconnection	Minivess	img_2	pred_3.png	40145.0	0.0	4577.0	1874.0	0.0	148.0	42.0	13.0	0.0		13	1
disconnection	Minivess	img_2	pred_4.png	39378.0	0.0	5344.0	1821.0	0.0	201.0	42.0	16.0	0.0		7	1
disconnection	Minivess	img_2	pred_5.png	38147.0	0.0	6575.0	1791.0	0.0	231.0	42.0	19.0	0.0		14	1
disconnection	Minivess	img_2	pred_6.png	37606.0	0.0	7116.0	1734.0	0.0	288.0	42.0	22.0	0.0		9	1
disconnection	Minivess	img_2	pred_7.png	37377.0	0.0	7345.0	1706.0	0.0	316.0	42.0	25.0	0.0		10	1
disconnection	Minivess	img_2	pred_8.png	37194.0	0.0	7528.0	1683.0	0.0	339.0	42.0	28.0	0.0		19	1
disconnection	Minivess	img_2	pred_9.png	36956.0	0.0	7766.0	1662.0	0.0	360.0	42.0	31.0	0.0		20	1
disconnection	Minivess	img_2	pred_10.png	36799.0	0.0	7923.0	1647.0	0.0	375.0	42.0	34.0	0.0		5	1
disconnection	Minivess	img_2	pred_11.png	36618.0	0.0	8104.0	1630.0	0.0	392.0	42.0	37.0	0.0		16	1
disconnection	Minivess	img_2	pred_12.png	36016.0	0.0	8706.0	1609.0	0.0	413.0	42.0	40.0	0.0		17	1
disconnection	Minivess	img_2	pred_13.png	35596.0	0.0	9126.0	1578.0	0.0	444.0	42.0	43.0	0.0		8	1
disconnection	Minivess	img_2	pred_14.png	34084.0	0.0	10638.0	1545.0	0.0	477.0	42.0	46.0	0.0		12	1
disconnection	Minivess	img_2	pred_15.png	32843.0	0.0	11879.0	1520.0	0.0	502.0	42.0	49.0	0.0		1	1
disconnection	Minivess	img_2	pred_16.png	31905.0	0.0	12817.0	1496.0	0.0	526.0	42.0	52.0	0.0		3	1
disconnection	Minivess	img_2	pred_17.png	29654.0	0.0	15068.0	1438.0	0.0	584.0	42.0	55.0	0.0		18	1
disconnection	Minivess	img_2	pred_18.png	28636.0	0.0	16086.0	1412.0	0.0	610.0	42.0	58.0	0.0		4	1
disconnection	Minivess	img_2	pred_19.png	28548.0	0.0	16174.0	1401.0	0.0	621.0	42.0	61.0	0.0		15	1
disconnection	Minivess	img_1	gt.png	56469.0	0.0	0.0	2510.0	0.0	0.0	27.0	0.0	0.0		0	1
disconnection	Minivess	img_1	pred_0.png	56108.0	0.0	361.0	2476.0	0.0	34.0	27.0	3.0	0.0		2	1
disconnection	Minivess	img_1	pred_1.png	55822.0	0.0	647.0	2448.0	0.0	62.0	27.0	6.0	0.0		11	1
disconnection	Minivess	img_1	pred_2.png	55762.0	0.0	707.0	2437.0	0.0	73.0	27.0	8.0	0.0		6	1
disconnection	Minivess	img_1	pred_3.png	55489.0	0.0	980.0	2402.0	0.0	108.0	27.0	10.0	0.0		13	1
disconnection	Minivess	img_1	pred_4.png	54945.0	0.0	1524.0	2378.0	0.0	132.0	27.0	13.0	0.0		7	1
disconnection	Minivess	img_1	pred_5.png	54588.0	0.0	1881.0	2346.0	0.0	164.0	27.0	15.0	0.0		14	1
disconnection	Minivess	img_1	pred_6.png	54197.0	0.0	2272.0	2327.0	0.0	183.0	27.0	17.0	0.0		9	1
disconnection	Minivess	img_1	pred_7.png	53208.0	0.0	3261.0	2291.0	0.0	219.0	27.0	19.0	0.0		10	1
disconnection	Minivess	img_1	pred_8.png	53142.0	0.0	3327.0	2282.0	0.0	228.0	27.0	22.0	0.0		19	1
disconnection	Minivess	img_1	pred_9.png	51016.0	0.0	5453.0	2232.0	0.0	278.0	27.0	24.0	0.0		20	1
disconnection	Minivess	img_1	pred_10.png	50213.0	0.0	6256.0	2179.0	0.0	331.0	27.0	26.0	0.0		5	1
disconnection	Minivess	img_1	pred_11.png	49101.0	0.0	7368.0	2145.0	0.0	365.0	27.0	29.0	0.0		16	1
disconnection	Minivess	img_1	pred_12.png	47329.0	0.0	9140.0	2087.0	0.0	423.0	27.0	31.0	0.0		17	1
disconnection	Minivess	img_1	pred_13.png	46960.0	0.0	9509.0	2067.0	0.0	443.0	27.0	33.0	0.0		8	1
disconnection	Minivess	img_1	pred_14.png	45489.0	0.0	10980.0	2033.0	0.0	477.0	27.0	35.0	0.0		12	1
disconnection	Minivess	img_1	pred_15.png	44907.0	0.0	11562.0	2008.0	0.0	502.0	27.0	38.0	0.0		1	1
disconnection	Minivess	img_1	pred_16.png	44506.0	0.0	11963.0	1978.0	0.0	532.0	27.0	40.0	0.0		3	1
disconnection	Minivess	img_1	pred_17.png	43707.0	0.0	12762.0	1961.0	0.0	549.0	27.0	42.0	0.0		18	1
disconnection	Minivess	img_1	pred_18.png	42582.0	0.0	13887.0	1932.0	0.0	578.0	27.0	45.0	0.0		4	1
disconnection	Minivess	img_1	pred_19.png	42344.0	0.0	14125.0	1920.0	0.0	590.0	27.0	47.0	0.0		15	1
disconnection	NeuroMorpho	img_0	gt.png	59104.0	0.0	0.0	18614.0	0.0	0.0	1.0	0.0	0.0		0	1
disconnection	NeuroMorpho	img_0	pred_0.png	59013.0	0.0	91.0	18586.0	0.0	28.0	1.0	6.0	0.0		2	1
disconnection	NeuroMorpho	img_0	pred_1.png	58924.0	0.0	180.0	18562.0	0.0	52.0	1.0	11.0	0.0		11	1
disconnection	NeuroMorpho	img_0	pred_2.png	58853.0	0.0	251.0	18540.0	0.0	74.0	1.0	16.0	0.0		6	1
disconnection	NeuroMorpho	img_0	pred_3.png	58791.0	0.0	313.0	18519.0	0.0	95.0	1.0	21.0	0.0		13	1
disconnection	NeuroMorpho	img_0	pred_4.png	58703.0	0.0	401.0	18498.0	0.0	116.0	1.0	26.0	0.0		7	1
disconnection	NeuroMorpho	img_0	pred_5.png	58443.0	0.0	661.0	18418.0	0.0	196.0	1.0	31.0	0.0		14	1
disconnection	NeuroMorpho	img_0	pred_6.png	58352.0	0.0	752.0	18389.0	0.0	225.0	1.0	36.0	0.0		9	1
disconnection	NeuroMorpho	img_0	pred_7.png	58281.0	0.0	823.0	18369.0	0.0	245.0	1.0	41.0	0.0		10	1
disconnection	NeuroMorpho	img_0	pred_8.png	58195.0	0.0	909.0	18346.0	0.0	268.0	1.0	46.0	0.0		19	1
disconnection	NeuroMorpho	img_0	pred_9.png	58013.0	0.0	1091.0	18284.0	0.0	330.0	1.0	51.0	0.0		20	1
disconnection	NeuroMorpho	img_0	pred_10.png	57916.0	0.0	1188.0	18257.0	0.0	357.0	1.0	55.0	0.0		5	1
disconnection	NeuroMorpho	img_0	pred_11.png	57818.0	0.0	1286.0	18228.0	0.0	386.0	1.0	60.0	0.0		16	1
disconnection	NeuroMorpho	img_0	pred_12.png	57749.0	0.0	1355.0	18206.0	0.0	408.0	1.0	65.0	0.0		17	1
disconnection	NeuroMorpho	img_0	pred_13.png	57656.0	0.0	1448.0	18177.0	0.0	437.0	1.0	70.0	0.0		8	1
disconnection	NeuroMorpho	img_0	pred_14.png	57533.0	0.0	1571.0	18136.0	0.0	478.0	1.0	75.0	0.0		12	1
disconnection	NeuroMorpho	img_0	pred_15.png	57357.0	0.0	1747.0	18083.0	0.0	531.0	1.0	80.0	0.0		1	1
disconnection	NeuroMorpho	img_0	pred_16.png	57272.0	0.0	1832.0	18059.0	0.0	555.0	1.0	85.0	0.0		3	1
disconnection	NeuroMorpho	img_0	pred_17.png	57175.0	0.0	1929.0	18033.0	0.0	581.0	1.0	90.0	0.0		18	1
disconnection	NeuroMorpho	img_0	pred_18.png	57119.0	0.0	1985.0	18018.0	0.0	596.0	1.0	95.0	0.0		4	1
disconnection	NeuroMorpho	img_0	pred_19.png	57048.0	0.0	2056.0	17998.0	0.0	616.0	1.0	100.0	0.0		15	1
disconnection	NeuroMorpho	img_2	gt.png	86444.0	0.0	0.0	26268.0	0.0	0.0	1.0	0.0	0.0		0	1
disconnection	NeuroMorpho	img_2	pred_0.png	86349.0	0.0	95.0	26240.0	0.0	28.0	1.0	6.0	0.0		2	1
disconnection	NeuroMorpho	img_2	pred_1.png	86293.0	0.0	151.0	26224.0	0.0	44.0	1.0	11.0	0.0		11	1
disconnection	NeuroMorpho	img_2	pred_2.png	86135.0	0.0	309.0	26176.0	0.0	92.0	1.0	16.0	0.0		6	1
disconnection	NeuroMorpho	img_2	pred_3.png	86004.0	0.0	440.0	26139.0	0.0	129.0	1.0	21.0	0.0		13	1
disconnection	NeuroMorpho	img_2	pred_4.png	85915.0	0.0	529.0	26119.0	0.0	149.0	1.0	26.0	0.0		7	1
disconnection	NeuroMorpho	img_2	pred_5.png	85758.0	0.0	686.0	26070.0	0.0	198.0	1.0	31.0	0.0		14	1
disconnection	NeuroMorpho	img_2	pred_6.png	85667.0	0.0	777.0	26045.0	0.0	223.0	1.0	36.0	0.0		9	1
disconnection	NeuroMorpho	img_2	pred_7.png	85524.0	0.0	920.0	26007.0	0.0	261.0	1.0	41.0	0.0		10	1
disconnection	NeuroMorpho	img_2	pred_8.png	85403.0	0.0	1041.0	25974.0	0.0	294.0	1.0	46.0	0.0		19	1
disconnection	NeuroMorpho	img_2	pred_9.png	85295.0	0.0	1149.0	25947.0	0.0	321.0	1.0	51.0	0.0		20	1
disconnection	NeuroMorpho	img_2	pred_10.png	85246.0	0.0	1198.0	25933.0	0.0	335.0	1.0	55.0	0.0		5	1
disconnection	NeuroMorpho	img_2	pred_11.png	85173.0	0.0	1271.0	25910.0	0.0	358.0	1.0	60.0	0.0		16	1
disconnection	NeuroMorpho	img_2	pred_12.png	85102.0	0.0	1342.0	25890.0	0.0	378.0	1.0	65.0	0.0		17	1
disconnection	NeuroMorpho	img_2	pred_13.png	85021.0	0.0	1423.0	25869.0	0.0	399.0	1.0	70.0	0.0		8	1
disconnection	NeuroMorpho	img_2	pred_14.png	84872.0	0.0	1572.0	25823.0	0.0	445.0	1.0	75.0	0.0		12	1
disconnection	NeuroMorpho	img_2	pred_15.png	84794.0	0.0	1650.0	25802.0	0.0	466.0	1.0	80.0	0.0		1	1
disconnection	NeuroMorpho	img_2	pred_16.png	84681.0	0.0	1763.0	25767.0	0.0	501.0	1.0	85.0	0.0		3	1
disconnection	NeuroMorpho	img_2	pred_17.png	84608.0	0.0	1836.0	25743.0	0.0	525.0	1.0	90.0	0.0		18	1
disconnection	NeuroMorpho	img_2	pred_18.png	84551.0	0.0	1893.0	25727.0	0.0	541.0	1.0	95.0	0.0		4	1
disconnection	NeuroMorpho	img_2	pred_19.png	84462.0	0.0	1982.0	25701.0	0.0	567.0	1.0	100.0	0.0		15	1
disconnection	NeuroMorpho	img_1	gt.png	67749.0	0.0	0.0	21776.0	0.0	0.0	1.0	0.0	0.0		0	1
disconnection	NeuroMorpho	img_1	pred_0.png	67643.0	0.0	106.0	21745.0	0.0	31.0	1.0	6.0	0.0		2	1
disconnection	NeuroMorpho	img_1	pred_1.png	67570.0	0.0	179.0	21722.0	0.0	54.0	1.0	11.0	0.0		11	1
disconnection	NeuroMorpho	img_1	pred_2.png	67496.0	0.0	253.0	21699.0	0.0	77.0	1.0	16.0	0.0		6	1
disconnection	NeuroMorpho	img_1	pred_3.png	67425.0	0.0	324.0	21677.0	0.0	99.0	1.0	21.0	0.0		13	1
disconnection	NeuroMorpho	img_1	pred_4.png	67281.0	0.0	468.0	21634.0	0.0	142.0	1.0	26.0	0.0		7	1
disconnection	NeuroMorpho	img_1	pred_5.png	67219.0	0.0	530.0	21614.0	0.0	162.0	1.0	31.0	0.0		14	1
disconnection	NeuroMorpho	img_1	pred_6.png	67121.0	0.0	628.0	21584.0	0.0	192.0	1.0	36.0	0.0		9	1
disconnection	NeuroMorpho	img_1	pred_7.png	67048.0	0.0	701.0	21563.0	0.0	213.0	1.0	41.0	0.0		10	1
disconnection	NeuroMorpho	img_1	pred_8.png	66984.0	0.0	765.0	21547.0	0.0	229.0	1.0	46.0	0.0		19	1
disconnection	NeuroMorpho	img_1	pred_9.png	66875.0	0.0	874.0	21514.0	0.0	262.0	1.0	51.0	0.0		20	1
disconnection	NeuroMorpho	img_1	pred_10.png	66828.0	0.0	921.0	21499.0	0.0	277.0	1.0	55.0	0.0		5	1
disconnection	NeuroMorpho	img_1	pred_11.png	66739.0	0.0	1010.0	21474.0	0.0	302.0	1.0	60.0	0.0		16	1
disconnection	NeuroMorpho	img_1	pred_12.png	66669.0	0.0	1080.0	21457.0	0.0	319.0	1.0	65.0	0.0		17	1
disconnection	NeuroMorpho	img_1	pred_13.png	66593.0	0.0	1156.0	21434.0	0.0	342.0	1.0	70.0	0.0		8	1
disconnection	NeuroMorpho	img_1	pred_14.png	66506.0	0.0	1243.0	21406.0	0.0	370.0	1.0	75.0	0.0		12	1
disconnection	NeuroMorpho	img_1	pred_15.png	66404.0	0.0	1345.0	21380.0	0.0	396.0	1.0	80.0	0.0		1	1
disconnection	NeuroMorpho	img_1	pred_16.png	66265.0	0.0	1484.0	21337.0	0.0	439.0	1.0	85.0	0.0		3	1
disconnection	NeuroMorpho	img_1	pred_17.png	66158.0	0.0	1591.0	21303.0	0.0	473.0	1.0	90.0	0.0		18	1
disconnection	NeuroMorpho	img_1	pred_18.png	66085.0	0.0	1664.0	21281.0	0.0	495.0	1.0	95.0	0.0		4	1
disconnection	NeuroMorpho	img_1	pred_19.png	65984.0	0.0	1765.0	21254.0	0.0	522.0	1.0	100.0	0.0		15	1
cycle_disconnection	Roads	img_0	gt.png	148257.0	0.0	0.0	21040.0	0.0	0.0	68.0	0.0	0.0		0	1
cycle_disconnection	Roads	img_0	pred_0.png	145503.0	0.0	2754.0	20708.0	0.0	332.0	64.0	0.0	4.0		2	1
cycle_disconnection	Roads	img_0	pred_1.png	145131.0	0.0	3126.0	20666.0	0.0	374.0	61.0	0.0	7.0		11	1
cycle_disconnection	Roads	img_0	pred_2.png	144252.0	0.0	4005.0	20548.0	0.0	492.0	59.0	0.0	9.0		6	1
cycle_disconnection	Roads	img_0	pred_3.png	143661.0	0.0	4596.0	20463.0	0.0	577.0	56.0	0.0	12.0		13	1
cycle_disconnection	Roads	img_0	pred_4.png	143127.0	0.0	5130.0	20397.0	0.0	643.0	53.0	0.0	15.0		7	1
cycle_disconnection	Roads	img_0	pred_5.png	141530.0	0.0	6727.0	20138.0	0.0	902.0	50.0	0.0	18.0		14	1
cycle_disconnection	Roads	img_0	pred_6.png	141233.0	0.0	7024.0	20102.0	0.0	938.0	47.0	0.0	21.0		9	1
cycle_disconnection	Roads	img_0	pred_7.png	140659.0	0.0	7598.0	20032.0	0.0	1008.0	45.0	0.0	23.0		10	1
cycle_disconnection	Roads	img_0	pred_8.png	138442.0	0.0	9815.0	19652.0	0.0	1388.0	42.0	0.0	26.0		19	1
cycle_disconnection	Roads	img_0	pred_9.png	137884.0	0.0	10373.0	19583.0	0.0	1457.0	39.0	0.0	29.0		20	1
cycle_disconnection	Roads	img_0	pred_10.png	136739.0	0.0	11518.0	19408.0	0.0	1632.0	36.0	0.0	32.0		5	1
cycle_disconnection	Roads	img_0	pred_11.png	136397.0	0.0	11860.0	19366.0	0.0	1674.0	33.0	0.0	35.0		16	1
cycle_disconnection	Roads	img_0	pred_12.png	134726.0	0.0	13531.0	19165.0	0.0	1875.0	31.0	0.0	37.0		17	1
cycle_disconnection	Roads	img_0	pred_13.png	133771.0	0.0	14486.0	19052.0	0.0	1988.0	28.0	0.0	40.0		8	1
cycle_disconnection	Roads	img_0	pred_14.png	132968.0	0.0	15289.0	18924.0	0.0	2116.0	25.0	0.0	43.0		12	1
cycle_disconnection	Roads	img_0	pred_15.png	132287.0	0.0	15970.0	18847.0	0.0	2193.0	22.0	0.0	46.0		1	1
cycle_disconnection	Roads	img_0	pred_16.png	131826.0	0.0	16431.0	18782.0	0.0	2258.0	19.0	0.0	49.0		3	1
cycle_disconnection	Roads	img_0	pred_17.png	131431.0	0.0	16826.0	18721.0	0.0	2319.0	17.0	0.0	51.0		18	1
cycle_disconnection	Roads	img_0	pred_18.png	131213.0	0.0	17044.0	18693.0	0.0	2347.0	14.0	0.0	54.0		4	1
cycle_disconnection	Roads	img_0	pred_19.png	130620.0	0.0	17637.0	18624.0	0.0	2416.0	11.0	0.0	57.0		15	1
cycle_disconnection	Roads	img_2	gt.png	206563.0	0.0	0.0	31942.0	0.0	0.0	69.0	0.0	0.0		0	1
cycle_disconnection	Roads	img_2	pred_0.png	205141.0	0.0	1422.0	31726.0	0.0	216.0	65.0	0.0	4.0		2	1
cycle_disconnection	Roads	img_2	pred_1.png	204409.0	0.0	2154.0	31613.0	0.0	329.0	62.0	0.0	7.0		11	1
cycle_disconnection	Roads	img_2	pred_2.png	204086.0	0.0	2477.0	31565.0	0.0	377.0	59.0	0.0	10.0		6	1
cycle_disconnection	Roads	img_2	pred_3.png	203523.0	0.0	3040.0	31478.0	0.0	464.0	57.0	0.0	12.0		13	1
cycle_disconnection	Roads	img_2	pred_4.png	201916.0	0.0	4647.0	31238.0	0.0	704.0	54.0	0.0	15.0		7	1
cycle_disconnection	Roads	img_2	pred_5.png	200661.0	0.0	5902.0	31074.0	0.0	868.0	51.0	0.0	18.0		14	1
cycle_disconnection	Roads	img_2	pred_6.png	199787.0	0.0	6776.0	30937.0	0.0	1005.0	48.0	0.0	21.0		9	1
cycle_disconnection	Roads	img_2	pred_7.png	199354.0	0.0	7209.0	30866.0	0.0	1076.0	45.0	0.0	24.0		10	1
cycle_disconnection	Roads	img_2	pred_8.png	199136.0	0.0	7427.0	30833.0	0.0	1109.0	42.0	0.0	27.0		19	1
cycle_disconnection	Roads	img_2	pred_9.png	198310.0	0.0	8253.0	30710.0	0.0	1232.0	40.0	0.0	29.0		20	1
cycle_disconnection	Roads	img_2	pred_10.png	196631.0	0.0	9932.0	30449.0	0.0	1493.0	37.0	0.0	32.0		5	1
cycle_disconnection	Roads	img_2	pred_11.png	196248.0	0.0	10315.0	30393.0	0.0	1549.0	34.0	0.0	35.0		16	1
cycle_disconnection	Roads	img_2	pred_12.png	195627.0	0.0	10936.0	30301.0	0.0	1641.0	31.0	0.0	38.0		17	1
cycle_disconnection	Roads	img_2	pred_13.png	195033.0	0.0	11530.0	30205.0	0.0	1737.0	28.0	0.0	41.0		8	1
cycle_disconnection	Roads	img_2	pred_14.png	194619.0	0.0	11944.0	30156.0	0.0	1786.0	25.0	0.0	44.0		12	1
cycle_disconnection	Roads	img_2	pred_15.png	193759.0	0.0	12804.0	30026.0	0.0	1916.0	22.0	0.0	47.0		1	1
cycle_disconnection	Roads	img_2	pred_16.png	193121.0	0.0	13442.0	29932.0	0.0	2010.0	20.0	0.0	49.0		3	1
cycle_disconnection	Roads	img_2	pred_17.png	192469.0	0.0	14094.0	29843.0	0.0	2099.0	17.0	0.0	52.0		18	1
cycle_disconnection	Roads	img_2	pred_18.png	191492.0	0.0	15071.0	29695.0	0.0	2247.0	14.0	0.0	55.0		4	1
cycle_disconnection	Roads	img_2	pred_19.png	190924.0	0.0	15639.0	29609.0	0.0	2333.0	11.0	0.0	58.0		15	1
cycle_disconnection	Roads	img_1	gt.png	190626.0	0.0	0.0	26311.0	0.0	0.0	135.0	0.0	0.0		0	1
cycle_disconnection	Roads	img_1	pred_0.png	189464.0	0.0	1162.0	26134.0	0.0	177.0	130.0	0.0	5.0		2	1
cycle_disconnection	Roads	img_1	pred_1.png	189024.0	0.0	1602.0	26073.0	0.0	238.0	126.0	0.0	9.0		11	1
cycle_disconnection	Roads	img_1	pred_2.png	188067.0	0.0	2559.0	25956.0	0.0	355.0	122.0	0.0	13.0		6	1
cycle_disconnection	Roads	img_1	pred_3.png	185970.0	0.0	4656.0	25693.0	0.0	618.0	118.0	0.0	17.0		13	1
cycle_disconnection	Roads	img_1	pred_4.png	184892.0	0.0	5734.0	25518.0	0.0	793.0	114.0	0.0	21.0		7	1
cycle_disconnection	Roads	img_1	pred_5.png	183744.0	0.0	6882.0	25371.0	0.0	940.0	110.0	0.0	25.0		14	1
cycle_disconnection	Roads	img_1	pred_6.png	183196.0	0.0	7430.0	25304.0	0.0	1007.0	106.0	0.0	29.0		9	1
cycle_disconnection	Roads	img_1	pred_7.png	181672.0	0.0	8954.0	25106.0	0.0	1205.0	102.0	0.0	33.0		10	1
cycle_disconnection	Roads	img_1	pred_8.png	181468.0	0.0	9158.0	25077.0	0.0	1234.0	98.0	0.0	37.0		19	1
cycle_disconnection	Roads	img_1	pred_9.png	180792.0	0.0	9834.0	24986.0	0.0	1325.0	94.0	0.0	41.0		20	1
cycle_disconnection	Roads	img_1	pred_10.png	180588.0	0.0	10038.0	24962.0	0.0	1349.0	91.0	0.0	44.0		5	1
cycle_disconnection	Roads	img_1	pred_11.png	177983.0	0.0	12643.0	24597.0	0.0	1714.0	87.0	0.0	48.0		16	1
cycle_disconnection	Roads	img_1	pred_12.png	176584.0	0.0	14042.0	24413.0	0.0	1898.0	83.0	0.0	52.0		17	1
cycle_disconnection	Roads	img_1	pred_13.png	175911.0	0.0	14715.0	24334.0	0.0	1977.0	79.0	0.0	56.0		8	1
cycle_disconnection	Roads	img_1	pred_14.png	174526.0	0.0	16100.0	24168.0	0.0	2143.0	75.0	0.0	60.0		12	1
cycle_disconnection	Roads	img_1	pred_15.png	172620.0	0.0	18006.0	23870.0	0.0	2441.0	71.0	0.0	64.0		1	1
cycle_disconnection	Roads	img_1	pred_16.png	171930.0	0.0	18696.0	23762.0	0.0	2549.0	67.0	0.0	68.0		3	1
cycle_disconnection	Roads	img_1	pred_17.png	171175.0	0.0	19451.0	23671.0	0.0	2640.0	63.0	0.0	72.0		18	1
cycle_disconnection	Roads	img_1	pred_18.png	170810.0	0.0	19816.0	23622.0	0.0	2689.0	59.0	0.0	76.0		4	1
cycle_disconnection	Roads	img_1	pred_19.png	169656.0	0.0	20970.0	23477.0	0.0	2834.0	55.0	0.0	80.0		15	1
cycle_disconnection	Colon_cells	img_0	gt.png	11002.0	0.0	0.0	608.0	0.0	0.0	0.0	0.0	0.0		0	1
cycle_disconnection	Colon_cells	img_2	gt.png	22641.0	0.0	0.0	1257.0	0.0	0.0	3.0	0.0	0.0		0	1
cycle_disconnection	Colon_cells	img_1	gt.png	23563.0	0.0	0.0	1374.0	0.0	0.0	5.0	0.0	0.0		0	1
cycle_disconnection	CREMI	img_0	gt.png	25478.0	0.0	0.0	8960.0	0.0	0.0	271.0	0.0	0.0		0	1
cycle_disconnection	CREMI	img_0	pred_0.png	25381.0	0.0	97.0	8930.0	0.0	30.0	265.0	0.0	6.0		2	1
cycle_disconnection	CREMI	img_0	pred_1.png	25276.0	0.0	202.0	8899.0	0.0	61.0	260.0	0.0	11.0		11	1
cycle_disconnection	CREMI	img_0	pred_2.png	25165.0	0.0	313.0	8866.0	0.0	94.0	255.0	0.0	16.0		6	1
cycle_disconnection	CREMI	img_0	pred_3.png	25097.0	0.0	381.0	8847.0	0.0	113.0	250.0	0.0	21.0		13	1
cycle_disconnection	CREMI	img_0	pred_4.png	25011.0	0.0	467.0	8823.0	0.0	137.0	245.0	0.0	26.0		7	1
cycle_disconnection	CREMI	img_0	pred_5.png	24890.0	0.0	588.0	8786.0	0.0	174.0	240.0	0.0	31.0		14	1
cycle_disconnection	CREMI	img_0	pred_6.png	24776.0	0.0	702.0	8750.0	0.0	210.0	235.0	0.0	36.0		9	1
cycle_disconnection	CREMI	img_0	pred_7.png	24681.0	0.0	797.0	8721.0	0.0	239.0	230.0	0.0	41.0		10	1
cycle_disconnection	CREMI	img_0	pred_8.png	24534.0	0.0	944.0	8676.0	0.0	284.0	225.0	0.0	46.0		19	1
cycle_disconnection	CREMI	img_0	pred_9.png	24394.0	0.0	1084.0	8633.0	0.0	327.0	220.0	0.0	51.0		20	1
cycle_disconnection	CREMI	img_0	pred_10.png	24321.0	0.0	1157.0	8609.0	0.0	351.0	216.0	0.0	55.0		5	1
cycle_disconnection	CREMI	img_0	pred_11.png	24240.0	0.0	1238.0	8584.0	0.0	376.0	211.0	0.0	60.0		16	1
cycle_disconnection	CREMI	img_0	pred_12.png	24110.0	0.0	1368.0	8543.0	0.0	417.0	206.0	0.0	65.0		17	1
cycle_disconnection	CREMI	img_0	pred_13.png	24022.0	0.0	1456.0	8516.0	0.0	444.0	201.0	0.0	70.0		8	1
cycle_disconnection	CREMI	img_0	pred_14.png	23901.0	0.0	1577.0	8479.0	0.0	481.0	196.0	0.0	75.0		12	1
cycle_disconnection	CREMI	img_0	pred_15.png	23836.0	0.0	1642.0	8460.0	0.0	500.0	191.0	0.0	80.0		1	1
cycle_disconnection	CREMI	img_0	pred_16.png	23730.0	0.0	1748.0	8428.0	0.0	532.0	186.0	0.0	85.0		3	1
cycle_disconnection	CREMI	img_0	pred_17.png	23633.0	0.0	1845.0	8402.0	0.0	558.0	181.0	0.0	90.0		18	1
cycle_disconnection	CREMI	img_0	pred_18.png	23563.0	0.0	1915.0	8380.0	0.0	580.0	176.0	0.0	95.0		4	1
cycle_disconnection	CREMI	img_0	pred_19.png	23488.0	0.0	1990.0	8359.0	0.0	601.0	171.0	0.0	100.0		15	1
cycle_disconnection	CREMI	img_2	gt.png	25641.0	0.0	0.0	9016.0	0.0	0.0	263.0	0.0	0.0		0	1
cycle_disconnection	CREMI	img_2	pred_0.png	25526.0	0.0	115.0	8980.0	0.0	36.0	257.0	0.0	6.0		2	1
cycle_disconnection	CREMI	img_2	pred_1.png	25449.0	0.0	192.0	8957.0	0.0	59.0	252.0	0.0	11.0		11	1
cycle_disconnection	CREMI	img_2	pred_2.png	25379.0	0.0	262.0	8935.0	0.0	81.0	247.0	0.0	16.0		6	1
cycle_disconnection	CREMI	img_2	pred_3.png	25306.0	0.0	335.0	8913.0	0.0	103.0	242.0	0.0	21.0		13	1
cycle_disconnection	CREMI	img_2	pred_4.png	25202.0	0.0	439.0	8880.0	0.0	136.0	237.0	0.0	26.0		7	1
cycle_disconnection	CREMI	img_2	pred_5.png	25129.0	0.0	512.0	8860.0	0.0	156.0	232.0	0.0	31.0		14	1
cycle_disconnection	CREMI	img_2	pred_6.png	25047.0	0.0	594.0	8841.0	0.0	175.0	227.0	0.0	36.0		9	1
cycle_disconnection	CREMI	img_2	pred_7.png	24943.0	0.0	698.0	8811.0	0.0	205.0	222.0	0.0	41.0		10	1
cycle_disconnection	CREMI	img_2	pred_8.png	24884.0	0.0	757.0	8791.0	0.0	225.0	217.0	0.0	46.0		19	1
cycle_disconnection	CREMI	img_2	pred_9.png	24782.0	0.0	859.0	8761.0	0.0	255.0	212.0	0.0	51.0		20	1
cycle_disconnection	CREMI	img_2	pred_10.png	24706.0	0.0	935.0	8736.0	0.0	280.0	208.0	0.0	55.0		5	1
cycle_disconnection	CREMI	img_2	pred_11.png	24617.0	0.0	1024.0	8710.0	0.0	306.0	203.0	0.0	60.0		16	1
cycle_disconnection	CREMI	img_2	pred_12.png	24550.0	0.0	1091.0	8689.0	0.0	327.0	198.0	0.0	65.0		17	1
cycle_disconnection	CREMI	img_2	pred_13.png	24483.0	0.0	1158.0	8666.0	0.0	350.0	193.0	0.0	70.0		8	1
cycle_disconnection	CREMI	img_2	pred_14.png	24315.0	0.0	1326.0	8608.0	0.0	408.0	188.0	0.0	75.0		12	1
cycle_disconnection	CREMI	img_2	pred_15.png	24230.0	0.0	1411.0	8581.0	0.0	435.0	183.0	0.0	80.0		1	1
cycle_disconnection	CREMI	img_2	pred_16.png	24151.0	0.0	1490.0	8557.0	0.0	459.0	178.0	0.0	85.0		3	1
cycle_disconnection	CREMI	img_2	pred_17.png	24070.0	0.0	1571.0	8537.0	0.0	479.0	173.0	0.0	90.0		18	1
cycle_disconnection	CREMI	img_2	pred_18.png	23958.0	0.0	1683.0	8505.0	0.0	511.0	168.0	0.0	95.0		4	1
cycle_disconnection	CREMI	img_2	pred_19.png	23855.0	0.0	1786.0	8474.0	0.0	542.0	163.0	0.0	100.0		15	1
cycle_disconnection	CREMI	img_1	gt.png	25520.0	0.0	0.0	8892.0	0.0	0.0	239.0	0.0	0.0		0	1
cycle_disconnection	CREMI	img_1	pred_0.png	25379.0	0.0	141.0	8846.0	0.0	46.0	233.0	0.0	6.0		2	1
cycle_disconnection	CREMI	img_1	pred_1.png	25274.0	0.0	246.0	8817.0	0.0	75.0	228.0	0.0	11.0		11	1
cycle_disconnection	CREMI	img_1	pred_2.png	25194.0	0.0	326.0	8793.0	0.0	99.0	223.0	0.0	16.0		6	1
cycle_disconnection	CREMI	img_1	pred_3.png	25095.0	0.0	425.0	8760.0	0.0	132.0	218.0	0.0	21.0		13	1
cycle_disconnection	CREMI	img_1	pred_4.png	24988.0	0.0	532.0	8723.0	0.0	169.0	213.0	0.0	26.0		7	1
cycle_disconnection	CREMI	img_1	pred_5.png	24905.0	0.0	615.0	8698.0	0.0	194.0	208.0	0.0	31.0		14	1
cycle_disconnection	CREMI	img_1	pred_6.png	24831.0	0.0	689.0	8675.0	0.0	217.0	203.0	0.0	36.0		9	1
cycle_disconnection	CREMI	img_1	pred_7.png	24760.0	0.0	760.0	8652.0	0.0	240.0	198.0	0.0	41.0		10	1
cycle_disconnection	CREMI	img_1	pred_8.png	24669.0	0.0	851.0	8626.0	0.0	266.0	193.0	0.0	46.0		19	1
cycle_disconnection	CREMI	img_1	pred_9.png	24569.0	0.0	951.0	8595.0	0.0	297.0	188.0	0.0	51.0		20	1
cycle_disconnection	CREMI	img_1	pred_10.png	24511.0	0.0	1009.0	8577.0	0.0	315.0	184.0	0.0	55.0		5	1
cycle_disconnection	CREMI	img_1	pred_11.png	24418.0	0.0	1102.0	8547.0	0.0	345.0	179.0	0.0	60.0		16	1
cycle_disconnection	CREMI	img_1	pred_12.png	24282.0	0.0	1238.0	8507.0	0.0	385.0	174.0	0.0	65.0		17	1
cycle_disconnection	CREMI	img_1	pred_13.png	24180.0	0.0	1340.0	8475.0	0.0	417.0	169.0	0.0	70.0		8	1
cycle_disconnection	CREMI	img_1	pred_14.png	24095.0	0.0	1425.0	8449.0	0.0	443.0	164.0	0.0	75.0		12	1
cycle_disconnection	CREMI	img_1	pred_15.png	23991.0	0.0	1529.0	8418.0	0.0	474.0	159.0	0.0	80.0		1	1
cycle_disconnection	CREMI	img_1	pred_16.png	23904.0	0.0	1616.0	8388.0	0.0	504.0	154.0	0.0	85.0		3	1
cycle_disconnection	CREMI	img_1	pred_17.png	23816.0	0.0	1704.0	8363.0	0.0	529.0	149.0	0.0	90.0		18	1
cycle_disconnection	CREMI	img_1	pred_18.png	23756.0	0.0	1764.0	8345.0	0.0	547.0	144.0	0.0	95.0		4	1
cycle_disconnection	CREMI	img_1	pred_19.png	23604.0	0.0	1916.0	8298.0	0.0	594.0	139.0	0.0	100.0		15	1
cycle_disconnection	LES-AV	img_0	gt.png	158725.0	0.0	0.0	16428.0	0.0	0.0	21.0	0.0	0.0		0	1
cycle_disconnection	LES-AV	img_0	pred_0.png	152847.0	0.0	5878.0	16158.0	0.0	270.0	19.0	0.0	2.0		2	1
cycle_disconnection	LES-AV	img_0	pred_1.png	152798.0	0.0	5927.0	16150.0	0.0	278.0	18.0	0.0	3.0		11	1
cycle_disconnection	LES-AV	img_0	pred_2.png	151299.0	0.0	7426.0	16060.0	0.0	368.0	17.0	0.0	4.0		6	1
cycle_disconnection	LES-AV	img_0	pred_3.png	151237.0	0.0	7488.0	16048.0	0.0	380.0	16.0	0.0	5.0		13	1
cycle_disconnection	LES-AV	img_0	pred_4.png	149087.0	0.0	9638.0	15868.0	0.0	560.0	15.0	0.0	6.0		7	1
cycle_disconnection	LES-AV	img_0	pred_5.png	147978.0	0.0	10747.0	15800.0	0.0	628.0	14.0	0.0	7.0		14	1
cycle_disconnection	LES-AV	img_0	pred_6.png	147613.0	0.0	11112.0	15783.0	0.0	645.0	13.0	0.0	8.0		9	1
cycle_disconnection	LES-AV	img_0	pred_7.png	147467.0	0.0	11258.0	15765.0	0.0	663.0	12.0	0.0	9.0		10	1
cycle_disconnection	LES-AV	img_0	pred_8.png	147084.0	0.0	11641.0	15746.0	0.0	682.0	11.0	0.0	10.0		19	1
cycle_disconnection	LES-AV	img_0	pred_9.png	146690.0	0.0	12035.0	15672.0	0.0	756.0	10.0	0.0	11.0		20	1
cycle_disconnection	LES-AV	img_0	pred_10.png	146551.0	0.0	12174.0	15657.0	0.0	771.0	9.0	0.0	12.0		5	1
cycle_disconnection	LES-AV	img_0	pred_11.png	146481.0	0.0	12244.0	15644.0	0.0	784.0	8.0	0.0	13.0		16	1
cycle_disconnection	LES-AV	img_0	pred_12.png	146122.0	0.0	12603.0	15631.0	0.0	797.0	7.0	0.0	14.0		17	1
cycle_disconnection	LES-AV	img_0	pred_13.png	144708.0	0.0	14017.0	15518.0	0.0	910.0	6.0	0.0	15.0		8	1
cycle_disconnection	LES-AV	img_0	pred_14.png	144326.0	0.0	14399.0	15508.0	0.0	920.0	5.0	0.0	16.0		12	1
cycle_disconnection	LES-AV	img_0	pred_15.png	143850.0	0.0	14875.0	15487.0	0.0	941.0	4.0	0.0	17.0		1	1
cycle_disconnection	LES-AV	img_0	pred_16.png	143699.0	0.0	15026.0	15470.0	0.0	958.0	3.0	0.0	18.0		3	1
cycle_disconnection	LES-AV	img_0	pred_17.png	143517.0	0.0	15208.0	15412.0	0.0	1016.0	2.0	0.0	19.0		18	1
cycle_disconnection	LES-AV	img_0	pred_18.png	143309.0	0.0	15416.0	15392.0	0.0	1036.0	1.0	0.0	20.0		4	1
cycle_disconnection	LES-AV	img_0	pred_19.png	142772.0	0.0	15953.0	15365.0	0.0	1063.0	0.0	0.0	21.0		15	1
cycle_disconnection	LES-AV	img_2	gt.png	224228.0	0.0	0.0	18647.0	0.0	0.0	24.0	0.0	0.0		0	1
cycle_disconnection	LES-AV	img_2	pred_0.png	214665.0	0.0	9563.0	18014.0	0.0	633.0	22.0	0.0	2.0		2	1
cycle_disconnection	LES-AV	img_2	pred_1.png	214182.0	0.0	10046.0	17995.0	0.0	652.0	21.0	0.0	3.0		11	1
cycle_disconnection	LES-AV	img_2	pred_2.png	213120.0	0.0	11108.0	17929.0	0.0	718.0	20.0	0.0	4.0		6	1
cycle_disconnection	LES-AV	img_2	pred_3.png	209482.0	0.0	14746.0	17779.0	0.0	868.0	19.0	0.0	5.0		13	1
cycle_disconnection	LES-AV	img_2	pred_4.png	209328.0	0.0	14900.0	17758.0	0.0	889.0	18.0	0.0	6.0		7	1
cycle_disconnection	LES-AV	img_2	pred_5.png	208408.0	0.0	15820.0	17667.0	0.0	980.0	17.0	0.0	7.0		14	1
cycle_disconnection	LES-AV	img_2	pred_6.png	207962.0	0.0	16266.0	17634.0	0.0	1013.0	16.0	0.0	8.0		9	1
cycle_disconnection	LES-AV	img_2	pred_7.png	207392.0	0.0	16836.0	17590.0	0.0	1057.0	15.0	0.0	9.0		10	1
cycle_disconnection	LES-AV	img_2	pred_8.png	207152.0	0.0	17076.0	17578.0	0.0	1069.0	14.0	0.0	10.0		19	1
cycle_disconnection	LES-AV	img_2	pred_9.png	206277.0	0.0	17951.0	17483.0	0.0	1164.0	13.0	0.0	11.0		20	1
cycle_disconnection	LES-AV	img_2	pred_10.png	204034.0	0.0	20194.0	17379.0	0.0	1268.0	11.0	0.0	13.0		5	1
cycle_disconnection	LES-AV	img_2	pred_11.png	203992.0	0.0	20236.0	17369.0	0.0	1278.0	10.0	0.0	14.0		16	1
cycle_disconnection	LES-AV	img_2	pred_12.png	203422.0	0.0	20806.0	17308.0	0.0	1339.0	9.0	0.0	15.0		17	1
cycle_disconnection	LES-AV	img_2	pred_13.png	203290.0	0.0	20938.0	17282.0	0.0	1365.0	8.0	0.0	16.0		8	1
cycle_disconnection	LES-AV	img_2	pred_14.png	202909.0	0.0	21319.0	17266.0	0.0	1381.0	7.0	0.0	17.0		12	1
cycle_disconnection	LES-AV	img_2	pred_15.png	202060.0	0.0	22168.0	17185.0	0.0	1462.0	6.0	0.0	18.0		1	1
cycle_disconnection	LES-AV	img_2	pred_16.png	201771.0	0.0	22457.0	17170.0	0.0	1477.0	5.0	0.0	19.0		3	1
cycle_disconnection	LES-AV	img_2	pred_17.png	200906.0	0.0	23322.0	17136.0	0.0	1511.0	4.0	0.0	20.0		18	1
cycle_disconnection	LES-AV	img_2	pred_18.png	200613.0	0.0	23615.0	17126.0	0.0	1521.0	3.0	0.0	21.0		4	1
cycle_disconnection	LES-AV	img_2	pred_19.png	200515.0	0.0	23713.0	17119.0	0.0	1528.0	2.0	0.0	22.0		15	1
cycle_disconnection	LES-AV	img_1	gt.png	209704.0	0.0	0.0	20096.0	0.0	0.0	19.0	0.0	0.0		0	1
cycle_disconnection	LES-AV	img_1	pred_0.png	209548.0	0.0	156.0	20074.0	0.0	22.0	18.0	0.0	1.0		2	1
cycle_disconnection	LES-AV	img_1	pred_1.png	209455.0	0.0	249.0	20066.0	0.0	30.0	17.0	0.0	2.0		10	1
cycle_disconnection	LES-AV	img_1	pred_2.png	209125.0	0.0	579.0	20045.0	0.0	51.0	16.0	0.0	3.0		5	1
cycle_disconnection	LES-AV	img_1	pred_3.png	209051.0	0.0	653.0	20040.0	0.0	56.0	15.0	0.0	4.0		12	1
cycle_disconnection	LES-AV	img_1	pred_4.png	208656.0	0.0	1048.0	19996.0	0.0	100.0	14.0	0.0	5.0		6	1
cycle_disconnection	LES-AV	img_1	pred_5.png	208410.0	0.0	1294.0	19978.0	0.0	118.0	13.0	0.0	6.0		13	1
cycle_disconnection	LES-AV	img_1	pred_6.png	208219.0	0.0	1485.0	19965.0	0.0	131.0	12.0	0.0	7.0		8	1
cycle_disconnection	LES-AV	img_1	pred_7.png	208105.0	0.0	1599.0	19957.0	0.0	139.0	11.0	0.0	8.0		9	1
cycle_disconnection	LES-AV	img_1	pred_8.png	208048.0	0.0	1656.0	19946.0	0.0	150.0	10.0	0.0	9.0		17	1
cycle_disconnection	LES-AV	img_1	pred_9.png	207915.0	0.0	1789.0	19939.0	0.0	157.0	9.0	0.0	10.0		18	1
cycle_disconnection	LES-AV	img_1	pred_10.png	206455.0	0.0	3249.0	19845.0	0.0	251.0	8.0	0.0	11.0		4	1
cycle_disconnection	LES-AV	img_1	pred_11.png	204317.0	0.0	5387.0	19565.0	0.0	531.0	7.0	0.0	12.0		14	1
cycle_disconnection	LES-AV	img_1	pred_12.png	204089.0	0.0	5615.0	19541.0	0.0	555.0	6.0	0.0	13.0		15	1
cycle_disconnection	LES-AV	img_1	pred_13.png	204072.0	0.0	5632.0	19536.0	0.0	560.0	5.0	0.0	14.0		7	1
cycle_disconnection	LES-AV	img_1	pred_14.png	203821.0	0.0	5883.0	19525.0	0.0	571.0	4.0	0.0	15.0		11	1
cycle_disconnection	LES-AV	img_1	pred_15.png	203586.0	0.0	6118.0	19478.0	0.0	618.0	3.0	0.0	16.0		1	1
cycle_disconnection	LES-AV	img_1	pred_16.png	202775.0	0.0	6929.0	19375.0	0.0	721.0	2.0	0.0	17.0		3	1
cycle_disconnection	LES-AV	img_1	pred_17.png	202573.0	0.0	7131.0	19331.0	0.0	765.0	1.0	0.0	18.0		16	1
cycle_disconnection	Minivess	img_0	gt.png	63267.0	0.0	0.0	3009.0	0.0	0.0	1.0	0.0	0.0		0	1
cycle_disconnection	Minivess	img_2	gt.png	44722.0	0.0	0.0	2022.0	0.0	0.0	1.0	0.0	0.0		0	1
cycle_disconnection	Minivess	img_1	gt.png	56469.0	0.0	0.0	2510.0	0.0	0.0	3.0	0.0	0.0		0	1
cycle_disconnection	NeuroMorpho	img_0	gt.png	59104.0	0.0	0.0	18614.0	0.0	0.0	88.0	0.0	0.0		0	1
cycle_disconnection	NeuroMorpho	img_0	pred_0.png	59044.0	0.0	60.0	18598.0	0.0	16.0	84.0	0.0	4.0		2	1
cycle_disconnection	NeuroMorpho	img_0	pred_1.png	58968.0	0.0	136.0	18578.0	0.0	36.0	81.0	0.0	7.0		11	1
cycle_disconnection	NeuroMorpho	img_0	pred_2.png	58899.0	0.0	205.0	18559.0	0.0	55.0	78.0	0.0	10.0		6	1
cycle_disconnection	NeuroMorpho	img_0	pred_3.png	58839.0	0.0	265.0	18540.0	0.0	74.0	75.0	0.0	13.0		13	1
cycle_disconnection	NeuroMorpho	img_0	pred_4.png	58579.0	0.0	525.0	18461.0	0.0	153.0	71.0	0.0	17.0		7	1
cycle_disconnection	NeuroMorpho	img_0	pred_5.png	58440.0	0.0	664.0	18416.0	0.0	198.0	68.0	0.0	20.0		14	1
cycle_disconnection	NeuroMorpho	img_0	pred_6.png	58341.0	0.0	763.0	18385.0	0.0	229.0	65.0	0.0	23.0		9	1
cycle_disconnection	NeuroMorpho	img_0	pred_7.png	58286.0	0.0	818.0	18372.0	0.0	242.0	62.0	0.0	26.0		10	1
cycle_disconnection	NeuroMorpho	img_0	pred_8.png	58113.0	0.0	991.0	18319.0	0.0	295.0	59.0	0.0	29.0		19	1
cycle_disconnection	NeuroMorpho	img_0	pred_9.png	58047.0	0.0	1057.0	18298.0	0.0	316.0	56.0	0.0	32.0		20	1
cycle_disconnection	NeuroMorpho	img_0	pred_10.png	57937.0	0.0	1167.0	18264.0	0.0	350.0	53.0	0.0	35.0		5	1
cycle_disconnection	NeuroMorpho	img_0	pred_11.png	57871.0	0.0	1233.0	18241.0	0.0	373.0	50.0	0.0	38.0		16	1
cycle_disconnection	NeuroMorpho	img_0	pred_12.png	57778.0	0.0	1326.0	18219.0	0.0	395.0	47.0	0.0	41.0		17	1
cycle_disconnection	NeuroMorpho	img_0	pred_13.png	57715.0	0.0	1389.0	18200.0	0.0	414.0	44.0	0.0	44.0		8	1
cycle_disconnection	NeuroMorpho	img_0	pred_14.png	57628.0	0.0	1476.0	18176.0	0.0	438.0	41.0	0.0	47.0		12	1
cycle_disconnection	NeuroMorpho	img_0	pred_15.png	57527.0	0.0	1577.0	18145.0	0.0	469.0	37.0	0.0	51.0		1	1
cycle_disconnection	NeuroMorpho	img_0	pred_16.png	57459.0	0.0	1645.0	18124.0	0.0	490.0	34.0	0.0	54.0		3	1
cycle_disconnection	NeuroMorpho	img_0	pred_17.png	57251.0	0.0	1853.0	18061.0	0.0	553.0	31.0	0.0	57.0		18	1
cycle_disconnection	NeuroMorpho	img_0	pred_18.png	57200.0	0.0	1904.0	18043.0	0.0	571.0	28.0	0.0	60.0		4	1
cycle_disconnection	NeuroMorpho	img_0	pred_19.png	56950.0	0.0	2154.0	17968.0	0.0	646.0	25.0	0.0	63.0		15	1
cycle_disconnection	NeuroMorpho	img_2	gt.png	86444.0	0.0	0.0	26268.0	0.0	0.0	227.0	0.0	0.0		0	1
cycle_disconnection	NeuroMorpho	img_2	pred_0.png	86288.0	0.0	156.0	26222.0	0.0	46.0	221.0	0.0	6.0		2	1
cycle_disconnection	NeuroMorpho	img_2	pred_1.png	86003.0	0.0	441.0	26135.0	0.0	133.0	216.0	0.0	11.0		11	1
cycle_disconnection	NeuroMorpho	img_2	pred_2.png	85874.0	0.0	570.0	26097.0	0.0	171.0	211.0	0.0	16.0		6	1
cycle_disconnection	NeuroMorpho	img_2	pred_3.png	85805.0	0.0	639.0	26074.0	0.0	194.0	206.0	0.0	21.0		13	1
cycle_disconnection	NeuroMorpho	img_2	pred_4.png	85700.0	0.0	744.0	26041.0	0.0	227.0	201.0	0.0	26.0		7	1
cycle_disconnection	NeuroMorpho	img_2	pred_5.png	85455.0	0.0	989.0	25964.0	0.0	304.0	196.0	0.0	31.0		14	1
cycle_disconnection	NeuroMorpho	img_2	pred_6.png	85331.0	0.0	1113.0	25932.0	0.0	336.0	191.0	0.0	36.0		9	1
cycle_disconnection	NeuroMorpho	img_2	pred_7.png	85245.0	0.0	1199.0	25907.0	0.0	361.0	186.0	0.0	41.0		10	1
cycle_disconnection	NeuroMorpho	img_2	pred_8.png	84984.0	0.0	1460.0	25831.0	0.0	437.0	181.0	0.0	46.0		19	1
cycle_disconnection	NeuroMorpho	img_2	pred_9.png	84876.0	0.0	1568.0	25795.0	0.0	473.0	176.0	0.0	51.0		20	1
cycle_disconnection	NeuroMorpho	img_2	pred_10.png	84748.0	0.0	1696.0	25759.0	0.0	509.0	172.0	0.0	55.0		5	1
cycle_disconnection	NeuroMorpho	img_2	pred_11.png	84635.0	0.0	1809.0	25729.0	0.0	539.0	167.0	0.0	60.0		16	1
cycle_disconnection	NeuroMorpho	img_2	pred_12.png	84546.0	0.0	1898.0	25701.0	0.0	567.0	162.0	0.0	65.0		17	1
cycle_disconnection	NeuroMorpho	img_2	pred_13.png	84443.0	0.0	2001.0	25671.0	0.0	597.0	157.0	0.0	70.0		8	1
cycle_disconnection	NeuroMorpho	img_2	pred_14.png	84315.0	0.0	2129.0	25631.0	0.0	637.0	152.0	0.0	75.0		12	1
cycle_disconnection	NeuroMorpho	img_2	pred_15.png	84217.0	0.0	2227.0	25603.0	0.0	665.0	147.0	0.0	80.0		1	1
cycle_disconnection	NeuroMorpho	img_2	pred_16.png	84130.0	0.0	2314.0	25578.0	0.0	690.0	142.0	0.0	85.0		3	1
cycle_disconnection	NeuroMorpho	img_2	pred_17.png	83976.0	0.0	2468.0	25536.0	0.0	732.0	137.0	0.0	90.0		18	1
cycle_disconnection	NeuroMorpho	img_2	pred_18.png	83810.0	0.0	2634.0	25486.0	0.0	782.0	132.0	0.0	95.0		4	1
cycle_disconnection	NeuroMorpho	img_2	pred_19.png	83680.0	0.0	2764.0	25448.0	0.0	820.0	127.0	0.0	100.0		15	1
cycle_disconnection	NeuroMorpho	img_1	gt.png	67749.0	0.0	0.0	21776.0	0.0	0.0	131.0	0.0	0.0		0	1
cycle_disconnection	NeuroMorpho	img_1	pred_0.png	67636.0	0.0	113.0	21739.0	0.0	37.0	125.0	0.0	6.0		2	1
cycle_disconnection	NeuroMorpho	img_1	pred_1.png	67468.0	0.0	281.0	21695.0	0.0	81.0	120.0	0.0	11.0		11	1
cycle_disconnection	NeuroMorpho	img_1	pred_2.png	67319.0	0.0	430.0	21649.0	0.0	127.0	116.0	0.0	15.0		6	1
cycle_disconnection	NeuroMorpho	img_1	pred_3.png	67242.0	0.0	507.0	21624.0	0.0	152.0	111.0	0.0	20.0		13	1
cycle_disconnection	NeuroMorpho	img_1	pred_4.png	66922.0	0.0	827.0	21523.0	0.0	253.0	106.0	0.0	25.0		7	1
cycle_disconnection	NeuroMorpho	img_1	pred_5.png	66862.0	0.0	887.0	21503.0	0.0	273.0	102.0	0.0	29.0		14	1
cycle_disconnection	NeuroMorpho	img_1	pred_6.png	66685.0	0.0	1064.0	21452.0	0.0	324.0	97.0	0.0	34.0		9	1
cycle_disconnection	NeuroMorpho	img_1	pred_7.png	66599.0	0.0	1150.0	21424.0	0.0	352.0	92.0	0.0	39.0		10	1
cycle_disconnection	NeuroMorpho	img_1	pred_8.png	66455.0	0.0	1294.0	21384.0	0.0	392.0	87.0	0.0	44.0		19	1
cycle_disconnection	NeuroMorpho	img_1	pred_9.png	66342.0	0.0	1407.0	21348.0	0.0	428.0	82.0	0.0	49.0		20	1
cycle_disconnection	NeuroMorpho	img_1	pred_10.png	66281.0	0.0	1468.0	21329.0	0.0	447.0	78.0	0.0	53.0		5	1
cycle_disconnection	NeuroMorpho	img_1	pred_11.png	66182.0	0.0	1567.0	21301.0	0.0	475.0	73.0	0.0	58.0		16	1
cycle_disconnection	NeuroMorpho	img_1	pred_12.png	66059.0	0.0	1690.0	21267.0	0.0	509.0	68.0	0.0	63.0		17	1
cycle_disconnection	NeuroMorpho	img_1	pred_13.png	65964.0	0.0	1785.0	21237.0	0.0	539.0	64.0	0.0	67.0		8	1
cycle_disconnection	NeuroMorpho	img_1	pred_14.png	65855.0	0.0	1894.0	21203.0	0.0	573.0	59.0	0.0	72.0		12	1
cycle_disconnection	NeuroMorpho	img_1	pred_15.png	65785.0	0.0	1964.0	21181.0	0.0	595.0	54.0	0.0	77.0		1	1
cycle_disconnection	NeuroMorpho	img_1	pred_16.png	65687.0	0.0	2062.0	21151.0	0.0	625.0	49.0	0.0	82.0		3	1
cycle_disconnection	NeuroMorpho	img_1	pred_17.png	65541.0	0.0	2208.0	21104.0	0.0	672.0	44.0	0.0	87.0		18	1
cycle_disconnection	NeuroMorpho	img_1	pred_18.png	65485.0	0.0	2264.0	21086.0	0.0	690.0	40.0	0.0	91.0		4	1
cycle_disconnection	NeuroMorpho	img_1	pred_19.png	65408.0	0.0	2341.0	21063.0	0.0	713.0	35.0	0.0	96.0		15	1
hole_merging	Roads	img_0	gt.png	148257.0	0.0	0.0	21040.0	0.0	0.0	68.0	0.0	0.0		0	1
hole_merging	Roads	img_0	pred_0.png	148257.0	2.0	0.0	21040.0	2.0	0.0	66.0	0.0	2.0		2	1
hole_merging	Roads	img_0	pred_1.png	148257.0	5.0	0.0	21040.0	3.0	0.0	65.0	0.0	3.0		11	1
hole_merging	Roads	img_0	pred_2.png	148257.0	6474.0	0.0	21040.0	549.0	0.0	63.0	0.0	5.0		6	1
hole_merging	Roads	img_0	pred_3.png	148257.0	6475.0	0.0	21040.0	550.0	0.0	62.0	0.0	6.0		13	1
hole_merging	Roads	img_0	pred_4.png	148257.0	6803.0	0.0	21040.0	590.0	0.0	61.0	0.0	7.0		7	1
hole_merging	Roads	img_0	pred_5.png	148257.0	6804.0	0.0	21040.0	591.0	0.0	60.0	0.0	8.0		14	1
hole_merging	Roads	img_0	pred_6.png	148257.0	7866.0	0.0	21040.0	703.0	0.0	59.0	0.0	9.0		9	1
hole_merging	Roads	img_0	pred_7.png	148257.0	8505.0	0.0	21040.0	761.0	0.0	57.0	0.0	11.0		10	1
hole_merging	Roads	img_0	pred_8.png	148257.0	8506.0	0.0	21040.0	762.0	0.0	56.0	0.0	12.0		19	1
hole_merging	Roads	img_0	pred_9.png	148257.0	8714.0	0.0	21040.0	787.0	0.0	55.0	0.0	13.0		20	1
hole_merging	Roads	img_0	pred_10.png	148257.0	9724.0	0.0	21040.0	876.0	0.0	54.0	0.0	14.0		5	1
hole_merging	Roads	img_0	pred_11.png	148257.0	9725.0	0.0	21040.0	877.0	0.0	53.0	0.0	15.0		16	1
hole_merging	Roads	img_0	pred_12.png	148257.0	9887.0	0.0	21040.0	911.0	0.0	51.0	0.0	17.0		17	1
hole_merging	Roads	img_0	pred_13.png	148257.0	10058.0	0.0	21040.0	932.0	0.0	50.0	0.0	18.0		8	1
hole_merging	Roads	img_0	pred_14.png	148257.0	11362.0	0.0	21040.0	1061.0	0.0	49.0	0.0	19.0		12	1
hole_merging	Roads	img_0	pred_15.png	148257.0	18477.0	0.0	21040.0	1695.0	0.0	48.0	0.0	20.0		1	1
hole_merging	Roads	img_0	pred_16.png	148257.0	18532.0	0.0	21040.0	1700.0	0.0	47.0	0.0	21.0		3	1
hole_merging	Roads	img_0	pred_17.png	148257.0	19091.0	0.0	21040.0	1780.0	0.0	45.0	0.0	23.0		18	1
hole_merging	Roads	img_0	pred_18.png	148257.0	20105.0	0.0	21040.0	1911.0	0.0	44.0	0.0	24.0		4	1
hole_merging	Roads	img_0	pred_19.png	148257.0	20108.0	0.0	21040.0	1912.0	0.0	43.0	0.0	25.0		15	1
hole_merging	Roads	img_2	gt.png	206563.0	0.0	0.0	31942.0	0.0	0.0	69.0	0.0	0.0		0	1
hole_merging	Roads	img_2	pred_0.png	206563.0	1036.0	0.0	31942.0	102.0	0.0	67.0	0.0	2.0		2	1
hole_merging	Roads	img_2	pred_1.png	206563.0	2073.0	0.0	31942.0	178.0	0.0	66.0	0.0	3.0		11	1
hole_merging	Roads	img_2	pred_2.png	206563.0	2077.0	0.0	31942.0	182.0	0.0	65.0	0.0	4.0		6	1
hole_merging	Roads	img_2	pred_3.png	206563.0	7900.0	0.0	31942.0	710.0	0.0	64.0	0.0	5.0		13	1
hole_merging	Roads	img_2	pred_4.png	206563.0	7916.0	0.0	31942.0	715.0	0.0	63.0	0.0	6.0		7	1
hole_merging	Roads	img_2	pred_5.png	206563.0	7917.0	0.0	31942.0	716.0	0.0	62.0	0.0	7.0		14	1
hole_merging	Roads	img_2	pred_6.png	206563.0	7918.0	0.0	31942.0	717.0	0.0	61.0	0.0	8.0		9	1
hole_merging	Roads	img_2	pred_7.png	206563.0	7919.0	0.0	31942.0	718.0	0.0	60.0	0.0	9.0		10	1
hole_merging	Roads	img_2	pred_8.png	206563.0	7997.0	0.0	31942.0	737.0	0.0	59.0	0.0	10.0		19	1
hole_merging	Roads	img_2	pred_9.png	206563.0	7998.0	0.0	31942.0	738.0	0.0	58.0	0.0	11.0		20	1
hole_merging	Roads	img_2	pred_10.png	206563.0	8002.0	0.0	31942.0	740.0	0.0	57.0	0.0	12.0		5	1
hole_merging	Roads	img_2	pred_11.png	206563.0	8004.0	0.0	31942.0	742.0	0.0	56.0	0.0	13.0		16	1
hole_merging	Roads	img_2	pred_12.png	206563.0	8005.0	0.0	31942.0	743.0	0.0	55.0	0.0	14.0		17	1
hole_merging	Roads	img_2	pred_13.png	206563.0	8602.0	0.0	31942.0	821.0	0.0	54.0	0.0	15.0		8	1
hole_merging	Roads	img_2	pred_14.png	206563.0	8603.0	0.0	31942.0	822.0	0.0	53.0	0.0	16.0		12	1
hole_merging	Roads	img_2	pred_15.png	206563.0	8609.0	0.0	31942.0	825.0	0.0	52.0	0.0	17.0		1	1
hole_merging	Roads	img_2	pred_16.png	206563.0	8610.0	0.0	31942.0	826.0	0.0	51.0	0.0	18.0		3	1
hole_merging	Roads	img_2	pred_17.png	206563.0	8787.0	0.0	31942.0	856.0	0.0	50.0	0.0	19.0		18	1
hole_merging	Roads	img_2	pred_18.png	206563.0	9376.0	0.0	31942.0	908.0	0.0	49.0	0.0	20.0		4	1
hole_merging	Roads	img_2	pred_19.png	206563.0	13174.0	0.0	31942.0	1290.0	0.0	48.0	0.0	21.0		15	1
hole_merging	Roads	img_1	gt.png	190626.0	0.0	0.0	26311.0	0.0	0.0	135.0	0.0	0.0		0	1
hole_merging	Roads	img_1	pred_0.png	190626.0	5206.0	0.0	26311.0	767.0	0.0	129.0	0.0	6.0		2	1
hole_merging	Roads	img_1	pred_1.png	190626.0	5217.0	0.0	26311.0	776.0	0.0	124.0	0.0	11.0		11	1
hole_merging	Roads	img_1	pred_2.png	190626.0	10423.0	0.0	26311.0	1431.0	0.0	119.0	0.0	16.0		6	1
hole_merging	Roads	img_1	pred_3.png	190626.0	11030.0	0.0	26311.0	1506.0	0.0	114.0	0.0	21.0		13	1
hole_merging	Roads	img_1	pred_4.png	190626.0	14790.0	0.0	26311.0	2087.0	0.0	109.0	0.0	26.0		7	1
hole_merging	Roads	img_1	pred_5.png	190626.0	14809.0	0.0	26311.0	2099.0	0.0	104.0	0.0	31.0		14	1
hole_merging	Roads	img_1	pred_6.png	190626.0	15046.0	0.0	26311.0	2140.0	0.0	99.0	0.0	36.0		9	1
hole_merging	Roads	img_1	pred_7.png	190626.0	18267.0	0.0	26311.0	2515.0	0.0	94.0	0.0	41.0		10	1
hole_merging	Roads	img_1	pred_8.png	190626.0	18601.0	0.0	26311.0	2583.0	0.0	89.0	0.0	46.0		19	1
hole_merging	Roads	img_1	pred_9.png	190626.0	22734.0	0.0	26311.0	3143.0	0.0	84.0	0.0	51.0		20	1
hole_merging	Roads	img_1	pred_10.png	190626.0	23115.0	0.0	26311.0	3268.0	0.0	80.0	0.0	55.0		5	1
hole_merging	Roads	img_1	pred_11.png	190626.0	23861.0	0.0	26311.0	3369.0	0.0	75.0	0.0	60.0		16	1
hole_merging	Roads	img_1	pred_12.png	190626.0	25033.0	0.0	26311.0	3619.0	0.0	70.0	0.0	65.0		17	1
hole_merging	Roads	img_1	pred_13.png	190626.0	25762.0	0.0	26311.0	3751.0	0.0	65.0	0.0	70.0		8	1
hole_merging	Roads	img_1	pred_14.png	190626.0	26285.0	0.0	26311.0	3812.0	0.0	60.0	0.0	75.0		12	1
hole_merging	Roads	img_1	pred_15.png	190626.0	27596.0	0.0	26311.0	3970.0	0.0	55.0	0.0	80.0		1	1
hole_merging	Roads	img_1	pred_16.png	190626.0	28523.0	0.0	26311.0	4161.0	0.0	50.0	0.0	85.0		3	1
hole_merging	Roads	img_1	pred_17.png	190626.0	28688.0	0.0	26311.0	4216.0	0.0	45.0	0.0	90.0		18	1
hole_merging	Roads	img_1	pred_18.png	190626.0	29219.0	0.0	26311.0	4266.0	0.0	40.0	0.0	95.0		4	1
hole_merging	Roads	img_1	pred_19.png	190626.0	30459.0	0.0	26311.0	4435.0	0.0	35.0	0.0	100.0		15	1
hole_merging	Colon_cells	img_0	gt.png	11002.0	0.0	0.0	608.0	0.0	0.0	0.0	0.0	0.0		0	1
hole_merging	Colon_cells	img_2	gt.png	22641.0	0.0	0.0	1257.0	0.0	0.0	3.0	0.0	0.0		0	1
hole_merging	Colon_cells	img_1	gt.png	23563.0	0.0	0.0	1374.0	0.0	0.0	5.0	0.0	0.0		0	1
hole_merging	CREMI	img_0	gt.png	25478.0	0.0	0.0	8960.0	0.0	0.0	271.0	0.0	0.0		0	1
hole_merging	CREMI	img_0	pred_0.png	25478.0	168.0	0.0	8960.0	31.0	0.0	267.0	0.0	4.0		2	1
hole_merging	CREMI	img_0	pred_1.png	25478.0	189.0	0.0	8960.0	38.0	0.0	264.0	0.0	7.0		11	1
hole_merging	CREMI	img_0	pred_2.png	25478.0	197.0	0.0	8960.0	44.0	0.0	260.0	0.0	11.0		6	1
hole_merging	CREMI	img_0	pred_3.png	25478.0	270.0	0.0	8960.0	65.0	0.0	257.0	0.0	14.0		13	1
hole_merging	CREMI	img_0	pred_4.png	25478.0	281.0	0.0	8960.0	73.0	0.0	254.0	0.0	17.0		7	1
hole_merging	CREMI	img_0	pred_5.png	25478.0	450.0	0.0	8960.0	105.0	0.0	250.0	0.0	21.0		14	1
hole_merging	CREMI	img_0	pred_6.png	25478.0	523.0	0.0	8960.0	125.0	0.0	247.0	0.0	24.0		9	1
hole_merging	CREMI	img_0	pred_7.png	25478.0	536.0	0.0	8960.0	131.0	0.0	244.0	0.0	27.0		10	1
hole_merging	CREMI	img_0	pred_8.png	25478.0	644.0	0.0	8960.0	153.0	0.0	241.0	0.0	30.0		19	1
hole_merging	CREMI	img_0	pred_9.png	25478.0	672.0	0.0	8960.0	164.0	0.0	238.0	0.0	33.0		20	1
hole_merging	CREMI	img_0	pred_10.png	25478.0	681.0	0.0	8960.0	169.0	0.0	234.0	0.0	37.0		5	1
hole_merging	CREMI	img_0	pred_11.png	25478.0	688.0	0.0	8960.0	173.0	0.0	231.0	0.0	40.0		16	1
hole_merging	CREMI	img_0	pred_12.png	25478.0	708.0	0.0	8960.0	181.0	0.0	228.0	0.0	43.0		17	1
hole_merging	CREMI	img_0	pred_13.png	25478.0	786.0	0.0	8960.0	200.0	0.0	224.0	0.0	47.0		8	1
hole_merging	CREMI	img_0	pred_14.png	25478.0	820.0	0.0	8960.0	217.0	0.0	221.0	0.0	50.0		12	1
hole_merging	CREMI	img_0	pred_15.png	25478.0	824.0	0.0	8960.0	221.0	0.0	218.0	0.0	53.0		1	1
hole_merging	CREMI	img_0	pred_16.png	25478.0	933.0	0.0	8960.0	240.0	0.0	215.0	0.0	56.0		3	1
hole_merging	CREMI	img_0	pred_17.png	25478.0	958.0	0.0	8960.0	247.0	0.0	212.0	0.0	59.0		18	1
hole_merging	CREMI	img_0	pred_18.png	25478.0	1069.0	0.0	8960.0	274.0	0.0	208.0	0.0	63.0		4	1
hole_merging	CREMI	img_0	pred_19.png	25478.0	1246.0	0.0	8960.0	315.0	0.0	205.0	0.0	66.0		15	1
hole_merging	CREMI	img_2	gt.png	25641.0	0.0	0.0	9016.0	0.0	0.0	263.0	0.0	0.0		0	1
hole_merging	CREMI	img_2	pred_0.png	25641.0	198.0	0.0	9016.0	42.0	0.0	258.0	0.0	5.0		2	1
hole_merging	CREMI	img_2	pred_1.png	25641.0	509.0	0.0	9016.0	93.0	0.0	254.0	0.0	9.0		11	1
hole_merging	CREMI	img_2	pred_2.png	25641.0	629.0	0.0	9016.0	123.0	0.0	250.0	0.0	13.0		6	1
hole_merging	CREMI	img_2	pred_3.png	25641.0	786.0	0.0	9016.0	160.0	0.0	246.0	0.0	17.0		13	1
hole_merging	CREMI	img_2	pred_4.png	25641.0	907.0	0.0	9016.0	197.0	0.0	243.0	0.0	20.0		7	1
hole_merging	CREMI	img_2	pred_5.png	25641.0	1057.0	0.0	9016.0	248.0	0.0	239.0	0.0	24.0		14	1
hole_merging	CREMI	img_2	pred_6.png	25641.0	1101.0	0.0	9016.0	256.0	0.0	235.0	0.0	28.0		9	1
hole_merging	CREMI	img_2	pred_7.png	25641.0	1128.0	0.0	9016.0	268.0	0.0	231.0	0.0	32.0		10	1
hole_merging	CREMI	img_2	pred_8.png	25641.0	1147.0	0.0	9016.0	277.0	0.0	227.0	0.0	36.0		19	1
hole_merging	CREMI	img_2	pred_9.png	25641.0	1166.0	0.0	9016.0	284.0	0.0	223.0	0.0	40.0		20	1
hole_merging	CREMI	img_2	pred_10.png	25641.0	1351.0	0.0	9016.0	321.0	0.0	220.0	0.0	43.0		5	1
hole_merging	CREMI	img_2	pred_11.png	25641.0	1374.0	0.0	9016.0	331.0	0.0	216.0	0.0	47.0		16	1
hole_merging	CREMI	img_2	pred_12.png	25641.0	1462.0	0.0	9016.0	350.0	0.0	213.0	0.0	50.0		17	1
hole_merging	CREMI	img_2	pred_13.png	25641.0	1496.0	0.0	9016.0	362.0	0.0	209.0	0.0	54.0		8	1
hole_merging	CREMI	img_2	pred_14.png	25641.0	1510.0	0.0	9016.0	370.0	0.0	205.0	0.0	58.0		12	1
hole_merging	CREMI	img_2	pred_15.png	25641.0	1659.0	0.0	9016.0	414.0	0.0	201.0	0.0	62.0		1	1
hole_merging	CREMI	img_2	pred_16.png	25641.0	1954.0	0.0	9016.0	470.0	0.0	197.0	0.0	66.0		3	1
hole_merging	CREMI	img_2	pred_17.png	25641.0	2162.0	0.0	9016.0	527.0	0.0	193.0	0.0	70.0		18	1
hole_merging	CREMI	img_2	pred_18.png	25641.0	2190.0	0.0	9016.0	542.0	0.0	189.0	0.0	74.0		4	1
hole_merging	CREMI	img_2	pred_19.png	25641.0	2362.0	0.0	9016.0	579.0	0.0	185.0	0.0	78.0		15	1
hole_merging	CREMI	img_1	gt.png	25520.0	0.0	0.0	8892.0	0.0	0.0	239.0	0.0	0.0		0	1
hole_merging	CREMI	img_1	pred_0.png	25520.0	89.0	0.0	8892.0	20.0	0.0	236.0	0.0	3.0		2	1
hole_merging	CREMI	img_1	pred_1.png	25520.0	93.0	0.0	8892.0	24.0	0.0	234.0	0.0	5.0		11	1
hole_merging	CREMI	img_1	pred_2.png	25520.0	107.0	0.0	8892.0	33.0	0.0	233.0	0.0	6.0		6	1
hole_merging	CREMI	img_1	pred_3.png	25520.0	186.0	0.0	8892.0	56.0	0.0	231.0	0.0	8.0		13	1
hole_merging	CREMI	img_1	pred_4.png	25520.0	200.0	0.0	8892.0	63.0	0.0	229.0	0.0	10.0		7	1
hole_merging	CREMI	img_1	pred_5.png	25520.0	326.0	0.0	8892.0	91.0	0.0	227.0	0.0	12.0		14	1
hole_merging	CREMI	img_1	pred_6.png	25520.0	328.0	0.0	8892.0	93.0	0.0	225.0	0.0	14.0		9	1
hole_merging	CREMI	img_1	pred_7.png	25520.0	377.0	0.0	8892.0	107.0	0.0	223.0	0.0	16.0		10	1
hole_merging	CREMI	img_1	pred_8.png	25520.0	466.0	0.0	8892.0	123.0	0.0	221.0	0.0	18.0		19	1
hole_merging	CREMI	img_1	pred_9.png	25520.0	468.0	0.0	8892.0	125.0	0.0	219.0	0.0	20.0		20	1
hole_merging	CREMI	img_1	pred_10.png	25520.0	552.0	0.0	8892.0	153.0	0.0	216.0	0.0	23.0		5	1
hole_merging	CREMI	img_1	pred_11.png	25520.0	555.0	0.0	8892.0	156.0	0.0	214.0	0.0	25.0		16	1
hole_merging	CREMI	img_1	pred_12.png	25520.0	684.0	0.0	8892.0	196.0	0.0	212.0	0.0	27.0		17	1
hole_merging	CREMI	img_1	pred_13.png	25520.0	750.0	0.0	8892.0	204.0	0.0	210.0	0.0	29.0		8	1
hole_merging	CREMI	img_1	pred_14.png	25520.0	779.0	0.0	8892.0	214.0	0.0	208.0	0.0	31.0		12	1
hole_merging	CREMI	img_1	pred_15.png	25520.0	825.0	0.0	8892.0	236.0	0.0	207.0	0.0	32.0		1	1
hole_merging	CREMI	img_1	pred_16.png	25520.0	862.0	0.0	8892.0	252.0	0.0	205.0	0.0	34.0		3	1
hole_merging	CREMI	img_1	pred_17.png	25520.0	910.0	0.0	8892.0	270.0	0.0	203.0	0.0	36.0		18	1
hole_merging	CREMI	img_1	pred_18.png	25520.0	991.0	0.0	8892.0	278.0	0.0	201.0	0.0	38.0		4	1
hole_merging	CREMI	img_1	pred_19.png	25520.0	1085.0	0.0	8892.0	292.0	0.0	199.0	0.0	40.0		15	1
hole_merging	LES-AV	img_0	gt.png	158725.0	0.0	0.0	16428.0	0.0	0.0	21.0	0.0	0.0		0	1
hole_merging	LES-AV	img_0	pred_0.png	158725.0	370.0	0.0	16428.0	50.0	0.0	20.0	0.0	1.0		1	1
hole_merging	LES-AV	img_0	pred_1.png	158725.0	416.0	0.0	16428.0	65.0	0.0	19.0	0.0	2.0		6	1
hole_merging	LES-AV	img_0	pred_2.png	158725.0	651.0	0.0	16428.0	83.0	0.0	18.0	0.0	3.0		2	1
hole_merging	LES-AV	img_0	pred_3.png	158725.0	1142.0	0.0	16428.0	149.0	0.0	17.0	0.0	4.0		7	1
hole_merging	LES-AV	img_0	pred_4.png	158725.0	1837.0	0.0	16428.0	209.0	0.0	16.0	0.0	5.0		3	1
hole_merging	LES-AV	img_0	pred_5.png	158725.0	3928.0	0.0	16428.0	308.0	0.0	15.0	0.0	6.0		8	1
hole_merging	LES-AV	img_0	pred_6.png	158725.0	4739.0	0.0	16428.0	366.0	0.0	14.0	0.0	7.0		4	1
hole_merging	LES-AV	img_0	pred_7.png	158725.0	5336.0	0.0	16428.0	472.0	0.0	13.0	0.0	8.0		5	1
hole_merging	LES-AV	img_0	pred_8.png	158725.0	5567.0	0.0	16428.0	515.0	0.0	12.0	0.0	9.0		9	1
hole_merging	LES-AV	img_0	pred_9.png	158725.0	6106.0	0.0	16428.0	549.0	0.0	11.0	0.0	10.0		10	1
hole_merging	LES-AV	img_2	gt.png	224228.0	0.0	0.0	18647.0	0.0	0.0	24.0	0.0	0.0		0	1
hole_merging	LES-AV	img_2	pred_0.png	224228.0	263.0	0.0	18647.0	49.0	0.0	23.0	0.0	1.0		1	1
hole_merging	LES-AV	img_2	pred_1.png	224228.0	2815.0	0.0	18647.0	176.0	0.0	22.0	0.0	2.0		7	1
hole_merging	LES-AV	img_2	pred_2.png	224228.0	4001.0	0.0	18647.0	336.0	0.0	21.0	0.0	3.0		3	1
hole_merging	LES-AV	img_2	pred_3.png	224228.0	4454.0	0.0	18647.0	385.0	0.0	20.0	0.0	4.0		8	1
hole_merging	LES-AV	img_2	pred_4.png	224228.0	5076.0	0.0	18647.0	450.0	0.0	19.0	0.0	5.0		4	1
hole_merging	LES-AV	img_2	pred_5.png	224228.0	5098.0	0.0	18647.0	459.0	0.0	18.0	0.0	6.0		9	1
hole_merging	LES-AV	img_2	pred_6.png	224228.0	7735.0	0.0	18647.0	585.0	0.0	17.0	0.0	7.0		5	1
hole_merging	LES-AV	img_2	pred_7.png	224228.0	7883.0	0.0	18647.0	605.0	0.0	16.0	0.0	8.0		6	1
hole_merging	LES-AV	img_2	pred_8.png	224228.0	9294.0	0.0	18647.0	693.0	0.0	15.0	0.0	9.0		12	1
hole_merging	LES-AV	img_2	pred_9.png	224228.0	9326.0	0.0	18647.0	705.0	0.0	14.0	0.0	10.0		13	1
hole_merging	LES-AV	img_2	pred_10.png	224228.0	9819.0	0.0	18647.0	741.0	0.0	13.0	0.0	11.0		2	1
hole_merging	LES-AV	img_2	pred_11.png	224228.0	11621.0	0.0	18647.0	836.0	0.0	12.0	0.0	12.0		10	1
hole_merging	LES-AV	img_2	pred_12.png	224228.0	11744.0	0.0	18647.0	861.0	0.0	11.0	0.0	13.0		11	1
hole_merging	LES-AV	img_1	gt.png	209704.0	0.0	0.0	20096.0	0.0	0.0	19.0	0.0	0.0		0	1
hole_merging	LES-AV	img_1	pred_0.png	209704.0	374.0	0.0	20096.0	82.0	0.0	18.0	0.0	1.0		1	1
hole_merging	LES-AV	img_1	pred_1.png	209704.0	868.0	0.0	20096.0	193.0	0.0	17.0	0.0	2.0		7	1
hole_merging	LES-AV	img_1	pred_2.png	209704.0	982.0	0.0	20096.0	222.0	0.0	16.0	0.0	3.0		3	1
hole_merging	LES-AV	img_1	pred_3.png	209704.0	1958.0	0.0	20096.0	342.0	0.0	15.0	0.0	4.0		8	1
hole_merging	LES-AV	img_1	pred_4.png	209704.0	2597.0	0.0	20096.0	389.0	0.0	14.0	0.0	5.0		4	1
hole_merging	LES-AV	img_1	pred_5.png	209704.0	2963.0	0.0	20096.0	439.0	0.0	13.0	0.0	6.0		9	1
hole_merging	LES-AV	img_1	pred_6.png	209704.0	4032.0	0.0	20096.0	525.0	0.0	12.0	0.0	7.0		5	1
hole_merging	LES-AV	img_1	pred_7.png	209704.0	6923.0	0.0	20096.0	791.0	0.0	11.0	0.0	8.0		6	1
hole_merging	LES-AV	img_1	pred_8.png	209704.0	8538.0	0.0	20096.0	889.0	0.0	10.0	0.0	9.0		10	1
hole_merging	LES-AV	img_1	pred_9.png	209704.0	8541.0	0.0	20096.0	890.0	0.0	9.0	0.0	10.0		11	1
hole_merging	LES-AV	img_1	pred_10.png	209704.0	8545.0	0.0	20096.0	892.0	0.0	8.0	0.0	11.0		2	1
hole_merging	Minivess	img_0	gt.png	63267.0	0.0	0.0	3009.0	0.0	0.0	1.0	0.0	0.0		0	1
hole_merging	Minivess	img_2	gt.png	44722.0	0.0	0.0	2022.0	0.0	0.0	1.0	0.0	0.0		0	1
hole_merging	Minivess	img_1	gt.png	56469.0	0.0	0.0	2510.0	0.0	0.0	3.0	0.0	0.0		0	1
hole_merging	NeuroMorpho	img_0	gt.png	59104.0	0.0	0.0	18614.0	0.0	0.0	88.0	0.0	0.0		0	1
hole_merging	NeuroMorpho	img_0	pred_0.png	59104.0	122.0	0.0	18614.0	32.0	0.0	85.0	0.0	3.0		2	1
hole_merging	NeuroMorpho	img_0	pred_1.png	59104.0	245.0	0.0	18614.0	68.0	0.0	83.0	0.0	5.0		11	1
hole_merging	NeuroMorpho	img_0	pred_2.png	59104.0	299.0	0.0	18614.0	86.0	0.0	80.0	0.0	8.0		6	1
hole_merging	NeuroMorpho	img_0	pred_3.png	59104.0	436.0	0.0	18614.0	108.0	0.0	78.0	0.0	10.0		13	1
hole_merging	NeuroMorpho	img_0	pred_4.png	59104.0	476.0	0.0	18614.0	121.0	0.0	76.0	0.0	12.0		7	1
hole_merging	NeuroMorpho	img_0	pred_5.png	59104.0	603.0	0.0	18614.0	148.0	0.0	73.0	0.0	15.0		14	1
hole_merging	NeuroMorpho	img_0	pred_6.png	59104.0	607.0	0.0	18614.0	150.0	0.0	71.0	0.0	17.0		9	1
hole_merging	NeuroMorpho	img_0	pred_7.png	59104.0	624.0	0.0	18614.0	160.0	0.0	69.0	0.0	19.0		10	1
hole_merging	NeuroMorpho	img_0	pred_8.png	59104.0	626.0	0.0	18614.0	162.0	0.0	67.0	0.0	21.0		19	1
hole_merging	NeuroMorpho	img_0	pred_9.png	59104.0	746.0	0.0	18614.0	191.0	0.0	65.0	0.0	23.0		20	1
hole_merging	NeuroMorpho	img_0	pred_10.png	59104.0	871.0	0.0	18614.0	217.0	0.0	62.0	0.0	26.0		5	1
hole_merging	NeuroMorpho	img_0	pred_11.png	59104.0	969.0	0.0	18614.0	235.0	0.0	60.0	0.0	28.0		16	1
hole_merging	NeuroMorpho	img_0	pred_12.png	59104.0	1064.0	0.0	18614.0	257.0	0.0	58.0	0.0	30.0		17	1
hole_merging	NeuroMorpho	img_0	pred_13.png	59104.0	1262.0	0.0	18614.0	298.0	0.0	55.0	0.0	33.0		8	1
hole_merging	NeuroMorpho	img_0	pred_14.png	59104.0	1436.0	0.0	18614.0	325.0	0.0	53.0	0.0	35.0		12	1
hole_merging	NeuroMorpho	img_0	pred_15.png	59104.0	1443.0	0.0	18614.0	329.0	0.0	51.0	0.0	37.0		1	1
hole_merging	NeuroMorpho	img_0	pred_16.png	59104.0	1475.0	0.0	18614.0	345.0	0.0	49.0	0.0	39.0		3	1
hole_merging	NeuroMorpho	img_0	pred_17.png	59104.0	1485.0	0.0	18614.0	348.0	0.0	47.0	0.0	41.0		18	1
hole_merging	NeuroMorpho	img_0	pred_18.png	59104.0	1790.0	0.0	18614.0	405.0	0.0	44.0	0.0	44.0		4	1
hole_merging	NeuroMorpho	img_0	pred_19.png	59104.0	1860.0	0.0	18614.0	429.0	0.0	42.0	0.0	46.0		15	1
hole_merging	NeuroMorpho	img_2	gt.png	86444.0	0.0	0.0	26268.0	0.0	0.0	227.0	0.0	0.0		0	1
hole_merging	NeuroMorpho	img_2	pred_0.png	86444.0	154.0	0.0	26268.0	47.0	0.0	221.0	0.0	6.0		2	1
hole_merging	NeuroMorpho	img_2	pred_1.png	86444.0	207.0	0.0	26268.0	77.0	0.0	216.0	0.0	11.0		11	1
hole_merging	NeuroMorpho	img_2	pred_2.png	86444.0	378.0	0.0	26268.0	125.0	0.0	211.0	0.0	16.0		6	1
hole_merging	NeuroMorpho	img_2	pred_3.png	86444.0	607.0	0.0	26268.0	172.0	0.0	206.0	0.0	21.0		13	1
hole_merging	NeuroMorpho	img_2	pred_4.png	86444.0	791.0	0.0	26268.0	225.0	0.0	201.0	0.0	26.0		7	1
hole_merging	NeuroMorpho	img_2	pred_5.png	86444.0	947.0	0.0	26268.0	258.0	0.0	196.0	0.0	31.0		14	1
hole_merging	NeuroMorpho	img_2	pred_6.png	86444.0	1041.0	0.0	26268.0	283.0	0.0	191.0	0.0	36.0		9	1
hole_merging	NeuroMorpho	img_2	pred_7.png	86444.0	1092.0	0.0	26268.0	304.0	0.0	186.0	0.0	41.0		10	1
hole_merging	NeuroMorpho	img_2	pred_8.png	86444.0	1301.0	0.0	26268.0	347.0	0.0	181.0	0.0	46.0		19	1
hole_merging	NeuroMorpho	img_2	pred_9.png	86444.0	1501.0	0.0	26268.0	388.0	0.0	176.0	0.0	51.0		20	1
hole_merging	NeuroMorpho	img_2	pred_10.png	86444.0	1760.0	0.0	26268.0	436.0	0.0	172.0	0.0	55.0		5	1
hole_merging	NeuroMorpho	img_2	pred_11.png	86444.0	1875.0	0.0	26268.0	461.0	0.0	167.0	0.0	60.0		16	1
hole_merging	NeuroMorpho	img_2	pred_12.png	86444.0	2073.0	0.0	26268.0	503.0	0.0	162.0	0.0	65.0		17	1
hole_merging	NeuroMorpho	img_2	pred_13.png	86444.0	2212.0	0.0	26268.0	549.0	0.0	157.0	0.0	70.0		8	1
hole_merging	NeuroMorpho	img_2	pred_14.png	86444.0	2288.0	0.0	26268.0	579.0	0.0	152.0	0.0	75.0		12	1
hole_merging	NeuroMorpho	img_2	pred_15.png	86444.0	2423.0	0.0	26268.0	622.0	0.0	147.0	0.0	80.0		1	1
hole_merging	NeuroMorpho	img_2	pred_16.png	86444.0	2707.0	0.0	26268.0	682.0	0.0	142.0	0.0	85.0		3	1
hole_merging	NeuroMorpho	img_2	pred_17.png	86444.0	2906.0	0.0	26268.0	749.0	0.0	137.0	0.0	90.0		18	1
hole_merging	NeuroMorpho	img_2	pred_18.png	86444.0	2997.0	0.0	26268.0	772.0	0.0	132.0	0.0	95.0		4	1
hole_merging	NeuroMorpho	img_2	pred_19.png	86444.0	3066.0	0.0	26268.0	787.0	0.0	127.0	0.0	100.0		15	1
hole_merging	NeuroMorpho	img_1	gt.png	67749.0	0.0	0.0	21776.0	0.0	0.0	131.0	0.0	0.0		0	1
hole_merging	NeuroMorpho	img_1	pred_0.png	67749.0	133.0	0.0	21776.0	48.0	0.0	126.0	0.0	5.0		2	1
hole_merging	NeuroMorpho	img_1	pred_1.png	67749.0	300.0	0.0	21776.0	97.0	0.0	122.0	0.0	9.0		11	1
hole_merging	NeuroMorpho	img_1	pred_2.png	67749.0	508.0	0.0	21776.0	145.0	0.0	118.0	0.0	13.0		6	1
hole_merging	NeuroMorpho	img_1	pred_3.png	67749.0	599.0	0.0	21776.0	171.0	0.0	114.0	0.0	17.0		13	1
hole_merging	NeuroMorpho	img_1	pred_4.png	67749.0	849.0	0.0	21776.0	235.0	0.0	110.0	0.0	21.0		7	1
hole_merging	NeuroMorpho	img_1	pred_5.png	67749.0	894.0	0.0	21776.0	251.0	0.0	106.0	0.0	25.0		14	1
hole_merging	NeuroMorpho	img_1	pred_6.png	67749.0	948.0	0.0	21776.0	274.0	0.0	102.0	0.0	29.0		9	1
hole_merging	NeuroMorpho	img_1	pred_7.png	67749.0	973.0	0.0	21776.0	287.0	0.0	98.0	0.0	33.0		10	1
hole_merging	NeuroMorpho	img_1	pred_8.png	67749.0	1042.0	0.0	21776.0	311.0	0.0	94.0	0.0	37.0		19	1
hole_merging	NeuroMorpho	img_1	pred_9.png	67749.0	1109.0	0.0	21776.0	334.0	0.0	90.0	0.0	41.0		20	1
hole_merging	NeuroMorpho	img_1	pred_10.png	67749.0	1214.0	0.0	21776.0	362.0	0.0	87.0	0.0	44.0		5	1
hole_merging	NeuroMorpho	img_1	pred_11.png	67749.0	1276.0	0.0	21776.0	384.0	0.0	83.0	0.0	48.0		16	1
hole_merging	NeuroMorpho	img_1	pred_12.png	67749.0	1306.0	0.0	21776.0	398.0	0.0	79.0	0.0	52.0		17	1
hole_merging	NeuroMorpho	img_1	pred_13.png	67749.0	1469.0	0.0	21776.0	444.0	0.0	75.0	0.0	56.0		8	1
hole_merging	NeuroMorpho	img_1	pred_14.png	67749.0	1486.0	0.0	21776.0	457.0	0.0	71.0	0.0	60.0		12	1
hole_merging	NeuroMorpho	img_1	pred_15.png	67749.0	1869.0	0.0	21776.0	548.0	0.0	67.0	0.0	64.0		1	1
hole_merging	NeuroMorpho	img_1	pred_16.png	67749.0	1900.0	0.0	21776.0	570.0	0.0	63.0	0.0	68.0		3	1
hole_merging	NeuroMorpho	img_1	pred_17.png	67749.0	2008.0	0.0	21776.0	602.0	0.0	59.0	0.0	72.0		18	1
hole_merging	NeuroMorpho	img_1	pred_18.png	67749.0	2094.0	0.0	21776.0	641.0	0.0	55.0	0.0	76.0		4	1
hole_merging	NeuroMorpho	img_1	pred_19.png	67749.0	2137.0	0.0	21776.0	661.0	0.0	51.0	0.0	80.0		15	1
merging	Roads	img_0	gt.png	148257.0	0.0	0.0	21040.0	0.0	0.0	68.0	0.0	0.0		0	1
merging	Roads	img_2	gt.png	206563.0	0.0	0.0	31942.0	0.0	0.0	69.0	0.0	0.0		0	1
merging	Roads	img_2	pred_0.png	206563.0	1864.0	0.0	31942.0	239.0	0.0	69.0	3.0	0.0		2	1
merging	Roads	img_2	pred_1.png	206563.0	2446.0	0.0	31942.0	360.0	0.0	69.0	5.0	0.0		11	1
merging	Roads	img_2	pred_2.png	206563.0	10366.0	0.0	31942.0	702.0	0.0	69.0	7.0	0.0		6	1
merging	Roads	img_2	pred_3.png	206563.0	11110.0	0.0	31942.0	810.0	0.0	69.0	9.0	0.0		13	1
merging	Roads	img_2	pred_4.png	206563.0	14266.0	0.0	31942.0	1150.0	0.0	69.0	11.0	0.0		7	1
merging	Roads	img_2	pred_5.png	206563.0	14374.0	0.0	31942.0	1185.0	0.0	69.0	13.0	0.0		14	1
merging	Roads	img_2	pred_6.png	206563.0	15750.0	0.0	31942.0	1331.0	0.0	69.0	15.0	0.0		9	1
merging	Roads	img_2	pred_7.png	206563.0	16501.0	0.0	31942.0	1441.0	0.0	69.0	17.0	0.0		10	1
merging	Roads	img_2	pred_8.png	206563.0	22203.0	0.0	31942.0	1972.0	0.0	69.0	19.0	0.0		19	1
merging	Roads	img_2	pred_9.png	206563.0	22928.0	0.0	31942.0	2091.0	0.0	69.0	21.0	0.0		20	1
merging	Roads	img_2	pred_10.png	206563.0	23480.0	0.0	31942.0	2168.0	0.0	69.0	22.0	0.0		5	1
merging	Roads	img_2	pred_11.png	206563.0	25127.0	0.0	31942.0	2336.0	0.0	69.0	24.0	0.0		16	1
merging	Roads	img_2	pred_12.png	206563.0	25267.0	0.0	31942.0	2376.0	0.0	69.0	26.0	0.0		17	1
merging	Roads	img_2	pred_13.png	206563.0	26192.0	0.0	31942.0	2508.0	0.0	69.0	28.0	0.0		8	1
merging	Roads	img_2	pred_14.png	206563.0	28165.0	0.0	31942.0	2687.0	0.0	69.0	30.0	0.0		12	1
merging	Roads	img_2	pred_15.png	206563.0	30567.0	0.0	31942.0	2885.0	0.0	69.0	32.0	0.0		1	1
merging	Roads	img_2	pred_16.png	206563.0	30679.0	0.0	31942.0	2920.0	0.0	69.0	34.0	0.0		3	1
merging	Roads	img_2	pred_17.png	206563.0	31254.0	0.0	31942.0	3015.0	0.0	69.0	36.0	0.0		18	1
merging	Roads	img_2	pred_18.png	206563.0	31423.0	0.0	31942.0	3056.0	0.0	69.0	38.0	0.0		4	1
merging	Roads	img_2	pred_19.png	206563.0	31717.0	0.0	31942.0	3119.0	0.0	69.0	40.0	0.0		15	1
merging	Roads	img_1	gt.png	190626.0	0.0	0.0	26311.0	0.0	0.0	135.0	0.0	0.0		0	1
merging	Roads	img_1	pred_0.png	190626.0	720.0	0.0	26311.0	120.0	0.0	135.0	2.0	0.0		2	1
merging	Roads	img_1	pred_1.png	190626.0	1653.0	0.0	26311.0	233.0	0.0	135.0	4.0	0.0		11	1
merging	Roads	img_1	pred_2.png	190626.0	3516.0	0.0	26311.0	536.0	0.0	135.0	5.0	0.0		6	1
merging	Roads	img_1	pred_3.png	190626.0	10479.0	0.0	26311.0	1088.0	0.0	135.0	7.0	0.0		13	1
merging	Roads	img_1	pred_4.png	190626.0	11570.0	0.0	26311.0	1293.0	0.0	135.0	8.0	0.0		7	1
merging	Roads	img_1	pred_5.png	190626.0	11888.0	0.0	26311.0	1328.0	0.0	135.0	10.0	0.0		14	1
merging	Roads	img_1	pred_6.png	190626.0	12991.0	0.0	26311.0	1454.0	0.0	135.0	11.0	0.0		9	1
merging	Roads	img_1	pred_7.png	190626.0	13358.0	0.0	26311.0	1539.0	0.0	135.0	13.0	0.0		10	1
merging	Roads	img_1	pred_8.png	190626.0	13473.0	0.0	26311.0	1566.0	0.0	135.0	14.0	0.0		19	1
merging	Roads	img_1	pred_9.png	190626.0	13617.0	0.0	26311.0	1598.0	0.0	135.0	15.0	0.0		20	1
merging	Roads	img_1	pred_10.png	190626.0	13875.0	0.0	26311.0	1661.0	0.0	135.0	17.0	0.0		5	1
merging	Roads	img_1	pred_11.png	190626.0	15494.0	0.0	26311.0	1790.0	0.0	135.0	18.0	0.0		16	1
merging	Roads	img_1	pred_12.png	190626.0	16693.0	0.0	26311.0	1907.0	0.0	135.0	20.0	0.0		17	1
merging	Roads	img_1	pred_13.png	190626.0	17567.0	0.0	26311.0	2006.0	0.0	135.0	21.0	0.0		8	1
merging	Roads	img_1	pred_14.png	190626.0	17826.0	0.0	26311.0	2042.0	0.0	135.0	23.0	0.0		12	1
merging	Roads	img_1	pred_15.png	190626.0	17913.0	0.0	26311.0	2069.0	0.0	135.0	24.0	0.0		1	1
merging	Roads	img_1	pred_16.png	190626.0	17931.0	0.0	26311.0	2078.0	0.0	135.0	26.0	0.0		3	1
merging	Roads	img_1	pred_17.png	190626.0	17981.0	0.0	26311.0	2094.0	0.0	135.0	27.0	0.0		18	1
merging	Roads	img_1	pred_18.png	190626.0	19346.0	0.0	26311.0	2242.0	0.0	135.0	29.0	0.0		4	1
merging	Roads	img_1	pred_19.png	190626.0	19384.0	0.0	26311.0	2261.0	0.0	135.0	30.0	0.0		15	1
merging	Colon_cells	img_0	gt.png	11002.0	0.0	0.0	608.0	0.0	0.0	0.0	0.0	0.0		0	1
merging	Colon_cells	img_2	gt.png	22641.0	0.0	0.0	1257.0	0.0	0.0	3.0	0.0	0.0		0	1
merging	Colon_cells	img_1	gt.png	23563.0	0.0	0.0	1374.0	0.0	0.0	5.0	0.0	0.0		0	1
merging	CREMI	img_0	gt.png	25478.0	0.0	0.0	8960.0	0.0	0.0	271.0	0.0	0.0		0	1
merging	CREMI	img_0	pred_0.png	25478.0	64.0	0.0	8960.0	19.0	0.0	271.0	1.0	0.0		2	1
merging	CREMI	img_0	pred_1.png	25478.0	76.0	0.0	8960.0	25.0	0.0	271.0	2.0	0.0		10	1
merging	CREMI	img_0	pred_2.png	25478.0	118.0	0.0	8960.0	38.0	0.0	271.0	3.0	0.0		5	1
merging	CREMI	img_0	pred_3.png	25478.0	133.0	0.0	8960.0	46.0	0.0	271.0	4.0	0.0		12	1
merging	CREMI	img_0	pred_4.png	25478.0	173.0	0.0	8960.0	64.0	0.0	271.0	5.0	0.0		6	1
merging	CREMI	img_0	pred_5.png	25478.0	255.0	0.0	8960.0	93.0	0.0	271.0	6.0	0.0		13	1
merging	CREMI	img_0	pred_6.png	25478.0	271.0	0.0	8960.0	101.0	0.0	271.0	7.0	0.0		8	1
merging	CREMI	img_0	pred_7.png	25478.0	322.0	0.0	8960.0	120.0	0.0	271.0	8.0	0.0		9	1
merging	CREMI	img_0	pred_8.png	25478.0	342.0	0.0	8960.0	129.0	0.0	271.0	9.0	0.0		17	1
merging	CREMI	img_0	pred_9.png	25478.0	375.0	0.0	8960.0	142.0	0.0	271.0	10.0	0.0		18	1
merging	CREMI	img_0	pred_10.png	25478.0	377.0	0.0	8960.0	144.0	0.0	271.0	11.0	0.0		4	1
merging	CREMI	img_0	pred_11.png	25478.0	379.0	0.0	8960.0	146.0	0.0	271.0	12.0	0.0		14	1
merging	CREMI	img_0	pred_12.png	25478.0	424.0	0.0	8960.0	166.0	0.0	271.0	13.0	0.0		15	1
merging	CREMI	img_0	pred_13.png	25478.0	437.0	0.0	8960.0	172.0	0.0	271.0	14.0	0.0		7	1
merging	CREMI	img_0	pred_14.png	25478.0	482.0	0.0	8960.0	187.0	0.0	271.0	15.0	0.0		11	1
merging	CREMI	img_0	pred_15.png	25478.0	580.0	0.0	8960.0	214.0	0.0	271.0	16.0	0.0		1	1
merging	CREMI	img_0	pred_16.png	25478.0	614.0	0.0	8960.0	227.0	0.0	271.0	17.0	0.0		3	1
merging	CREMI	img_0	pred_17.png	25478.0	636.0	0.0	8960.0	228.0	0.0	271.0	18.0	0.0		16	1
merging	CREMI	img_2	gt.png	25641.0	0.0	0.0	9016.0	0.0	0.0	263.0	0.0	0.0		0	1
merging	CREMI	img_2	pred_0.png	25641.0	44.0	0.0	9016.0	16.0	0.0	263.0	2.0	0.0		2	1
merging	CREMI	img_2	pred_1.png	25641.0	224.0	0.0	9016.0	58.0	0.0	263.0	3.0	0.0		11	1
merging	CREMI	img_2	pred_2.png	25641.0	254.0	0.0	9016.0	66.0	0.0	263.0	4.0	0.0		6	1
merging	CREMI	img_2	pred_3.png	25641.0	262.0	0.0	9016.0	70.0	0.0	263.0	5.0	0.0		13	1
merging	CREMI	img_2	pred_4.png	25641.0	283.0	0.0	9016.0	81.0	0.0	263.0	7.0	0.0		7	1
merging	CREMI	img_2	pred_5.png	25641.0	287.0	0.0	9016.0	83.0	0.0	263.0	8.0	0.0		14	1
merging	CREMI	img_2	pred_6.png	25641.0	361.0	0.0	9016.0	105.0	0.0	263.0	9.0	0.0		9	1
merging	CREMI	img_2	pred_7.png	25641.0	370.0	0.0	9016.0	111.0	0.0	263.0	10.0	0.0		10	1
merging	CREMI	img_2	pred_8.png	25641.0	381.0	0.0	9016.0	118.0	0.0	263.0	11.0	0.0		19	1
merging	CREMI	img_2	pred_9.png	25641.0	393.0	0.0	9016.0	123.0	0.0	263.0	12.0	0.0		20	1
merging	CREMI	img_2	pred_10.png	25641.0	467.0	0.0	9016.0	141.0	0.0	263.0	13.0	0.0		5	1
merging	CREMI	img_2	pred_11.png	25641.0	489.0	0.0	9016.0	152.0	0.0	263.0	14.0	0.0		16	1
merging	CREMI	img_2	pred_12.png	25641.0	492.0	0.0	9016.0	155.0	0.0	263.0	15.0	0.0		17	1
merging	CREMI	img_2	pred_13.png	25641.0	526.0	0.0	9016.0	169.0	0.0	263.0	16.0	0.0		8	1
merging	CREMI	img_2	pred_14.png	25641.0	657.0	0.0	9016.0	195.0	0.0	263.0	17.0	0.0		12	1
merging	CREMI	img_2	pred_15.png	25641.0	676.0	0.0	9016.0	200.0	0.0	263.0	19.0	0.0		1	1
merging	CREMI	img_2	pred_16.png	25641.0	694.0	0.0	9016.0	206.0	0.0	263.0	20.0	0.0		3	1
merging	CREMI	img_2	pred_17.png	25641.0	784.0	0.0	9016.0	233.0	0.0	263.0	21.0	0.0		18	1
merging	CREMI	img_2	pred_18.png	25641.0	792.0	0.0	9016.0	236.0	0.0	263.0	22.0	0.0		4	1
merging	CREMI	img_2	pred_19.png	25641.0	820.0	0.0	9016.0	248.0	0.0	263.0	23.0	0.0		15	1
merging	CREMI	img_1	gt.png	25520.0	0.0	0.0	8892.0	0.0	0.0	239.0	0.0	0.0		0	1
merging	CREMI	img_1	pred_0.png	25520.0	20.0	0.0	8892.0	5.0	0.0	239.0	2.0	0.0		2	1
merging	CREMI	img_1	pred_1.png	25520.0	208.0	0.0	8892.0	46.0	0.0	239.0	4.0	0.0		11	1
merging	CREMI	img_1	pred_2.png	25520.0	273.0	0.0	8892.0	72.0	0.0	239.0	5.0	0.0		6	1
merging	CREMI	img_1	pred_3.png	25520.0	292.0	0.0	8892.0	82.0	0.0	239.0	7.0	0.0		13	1
merging	CREMI	img_1	pred_4.png	25520.0	475.0	0.0	8892.0	123.0	0.0	239.0	8.0	0.0		7	1
merging	CREMI	img_1	pred_5.png	25520.0	497.0	0.0	8892.0	133.0	0.0	239.0	10.0	0.0		14	1
merging	CREMI	img_1	pred_6.png	25520.0	527.0	0.0	8892.0	147.0	0.0	239.0	11.0	0.0		9	1
merging	CREMI	img_1	pred_7.png	25520.0	644.0	0.0	8892.0	169.0	0.0	239.0	13.0	0.0		10	1
merging	CREMI	img_1	pred_8.png	25520.0	729.0	0.0	8892.0	193.0	0.0	239.0	14.0	0.0		19	1
merging	CREMI	img_1	pred_9.png	25520.0	864.0	0.0	8892.0	231.0	0.0	239.0	15.0	0.0		20	1
merging	CREMI	img_1	pred_10.png	25520.0	924.0	0.0	8892.0	258.0	0.0	239.0	17.0	0.0		5	1
merging	CREMI	img_1	pred_11.png	25520.0	973.0	0.0	8892.0	271.0	0.0	239.0	18.0	0.0		16	1
merging	CREMI	img_1	pred_12.png	25520.0	1013.0	0.0	8892.0	285.0	0.0	239.0	20.0	0.0		17	1
merging	CREMI	img_1	pred_13.png	25520.0	1080.0	0.0	8892.0	310.0	0.0	239.0	21.0	0.0		8	1
merging	CREMI	img_1	pred_14.png	25520.0	1146.0	0.0	8892.0	333.0	0.0	239.0	23.0	0.0		12	1
merging	CREMI	img_1	pred_15.png	25520.0	1173.0	0.0	8892.0	341.0	0.0	239.0	24.0	0.0		1	1
merging	CREMI	img_1	pred_16.png	25520.0	1187.0	0.0	8892.0	351.0	0.0	239.0	26.0	0.0		3	1
merging	CREMI	img_1	pred_17.png	25520.0	1189.0	0.0	8892.0	353.0	0.0	239.0	27.0	0.0		18	1
merging	CREMI	img_1	pred_18.png	25520.0	1267.0	0.0	8892.0	380.0	0.0	239.0	29.0	0.0		4	1
merging	CREMI	img_1	pred_19.png	25520.0	1275.0	0.0	8892.0	384.0	0.0	239.0	30.0	0.0		15	1
merging	LES-AV	img_0	gt.png	158725.0	0.0	0.0	16428.0	0.0	0.0	21.0	0.0	0.0		0	1
merging	LES-AV	img_0	pred_0.png	158725.0	240.0	0.0	16428.0	76.0	0.0	21.0	2.0	0.0		2	1
merging	LES-AV	img_0	pred_1.png	158725.0	1185.0	0.0	16428.0	190.0	0.0	21.0	3.0	0.0		11	1
merging	LES-AV	img_0	pred_2.png	158725.0	1448.0	0.0	16428.0	234.0	0.0	21.0	4.0	0.0		6	1
merging	LES-AV	img_0	pred_3.png	158725.0	3425.0	0.0	16428.0	429.0	0.0	21.0	6.0	0.0		13	1
merging	LES-AV	img_0	pred_4.png	158725.0	5919.0	0.0	16428.0	592.0	0.0	21.0	7.0	0.0		7	1
merging	LES-AV	img_0	pred_5.png	158725.0	7029.0	0.0	16428.0	719.0	0.0	21.0	8.0	0.0		14	1
merging	LES-AV	img_0	pred_6.png	158725.0	8373.0	0.0	16428.0	842.0	0.0	21.0	9.0	0.0		9	1
merging	LES-AV	img_0	pred_7.png	158725.0	8609.0	0.0	16428.0	887.0	0.0	21.0	10.0	0.0		10	1
merging	LES-AV	img_0	pred_8.png	158725.0	9204.0	0.0	16428.0	961.0	0.0	21.0	11.0	0.0		19	1
merging	LES-AV	img_0	pred_9.png	158725.0	10281.0	0.0	16428.0	1121.0	0.0	21.0	13.0	0.0		20	1
merging	LES-AV	img_0	pred_10.png	158725.0	11112.0	0.0	16428.0	1222.0	0.0	21.0	14.0	0.0		5	1
merging	LES-AV	img_0	pred_11.png	158725.0	11489.0	0.0	16428.0	1274.0	0.0	21.0	15.0	0.0		16	1
merging	LES-AV	img_0	pred_12.png	158725.0	12223.0	0.0	16428.0	1370.0	0.0	21.0	16.0	0.0		17	1
merging	LES-AV	img_0	pred_13.png	158725.0	12360.0	0.0	16428.0	1409.0	0.0	21.0	17.0	0.0		8	1
merging	LES-AV	img_0	pred_14.png	158725.0	12392.0	0.0	16428.0	1423.0	0.0	21.0	18.0	0.0		12	1
merging	LES-AV	img_0	pred_15.png	158725.0	12439.0	0.0	16428.0	1435.0	0.0	21.0	19.0	0.0		1	1
merging	LES-AV	img_0	pred_16.png	158725.0	12755.0	0.0	16428.0	1511.0	0.0	21.0	21.0	0.0		3	1
merging	LES-AV	img_0	pred_17.png	158725.0	12777.0	0.0	16428.0	1515.0	0.0	21.0	22.0	0.0		18	1
merging	LES-AV	img_0	pred_18.png	158725.0	13375.0	0.0	16428.0	1598.0	0.0	21.0	23.0	0.0		4	1
merging	LES-AV	img_0	pred_19.png	158725.0	13520.0	0.0	16428.0	1623.0	0.0	21.0	24.0	0.0		15	1
merging	LES-AV	img_2	gt.png	224228.0	0.0	0.0	18647.0	0.0	0.0	24.0	0.0	0.0		0	1
merging	LES-AV	img_2	pred_0.png	224228.0	2063.0	0.0	18647.0	141.0	0.0	24.0	1.0	0.0		2	1
merging	LES-AV	img_2	pred_1.png	224228.0	3535.0	0.0	18647.0	279.0	0.0	24.0	2.0	0.0		9	1
merging	LES-AV	img_2	pred_2.png	224228.0	3931.0	0.0	18647.0	352.0	0.0	24.0	3.0	0.0		4	1
merging	LES-AV	img_2	pred_3.png	224228.0	8247.0	0.0	18647.0	576.0	0.0	24.0	4.0	0.0		11	1
merging	LES-AV	img_2	pred_4.png	224228.0	16629.0	0.0	18647.0	858.0	0.0	24.0	5.0	0.0		5	1
merging	LES-AV	img_2	pred_5.png	224228.0	17018.0	0.0	18647.0	919.0	0.0	24.0	6.0	0.0		12	1
merging	LES-AV	img_2	pred_6.png	224228.0	18251.0	0.0	18647.0	992.0	0.0	24.0	7.0	0.0		7	1
merging	LES-AV	img_2	pred_7.png	224228.0	18841.0	0.0	18647.0	1074.0	0.0	24.0	8.0	0.0		8	1
merging	LES-AV	img_2	pred_8.png	224228.0	19531.0	0.0	18647.0	1170.0	0.0	24.0	9.0	0.0		15	1
merging	LES-AV	img_2	pred_9.png	224228.0	20731.0	0.0	18647.0	1295.0	0.0	24.0	10.0	0.0		16	1
merging	LES-AV	img_2	pred_10.png	224228.0	24053.0	0.0	18647.0	1459.0	0.0	24.0	11.0	0.0		3	1
merging	LES-AV	img_2	pred_11.png	224228.0	26680.0	0.0	18647.0	1618.0	0.0	24.0	12.0	0.0		13	1
merging	LES-AV	img_2	pred_12.png	224228.0	27071.0	0.0	18647.0	1685.0	0.0	24.0	13.0	0.0		14	1
merging	LES-AV	img_2	pred_13.png	224228.0	29874.0	0.0	18647.0	1870.0	0.0	24.0	14.0	0.0		6	1
merging	LES-AV	img_2	pred_14.png	224228.0	30220.0	0.0	18647.0	1945.0	0.0	24.0	15.0	0.0		10	1
merging	LES-AV	img_2	pred_15.png	224228.0	31997.0	0.0	18647.0	2089.0	0.0	24.0	16.0	0.0		1	1
merging	LES-AV	img_1	gt.png	209704.0	0.0	0.0	20096.0	0.0	0.0	19.0	0.0	0.0		0	1
merging	LES-AV	img_1	pred_0.png	209704.0	3893.0	0.0	20096.0	415.0	0.0	19.0	3.0	0.0		2	1
merging	LES-AV	img_1	pred_1.png	209704.0	7123.0	0.0	20096.0	685.0	0.0	19.0	5.0	0.0		11	1
merging	LES-AV	img_1	pred_2.png	209704.0	7898.0	0.0	20096.0	786.0	0.0	19.0	7.0	0.0		6	1
merging	LES-AV	img_1	pred_3.png	209704.0	8295.0	0.0	20096.0	826.0	0.0	19.0	8.0	0.0		13	1
merging	LES-AV	img_1	pred_4.png	209704.0	10832.0	0.0	20096.0	1013.0	0.0	19.0	10.0	0.0		7	1
merging	LES-AV	img_1	pred_5.png	209704.0	21942.0	0.0	20096.0	1389.0	0.0	19.0	12.0	0.0		14	1
merging	LES-AV	img_1	pred_6.png	209704.0	23290.0	0.0	20096.0	1530.0	0.0	19.0	14.0	0.0		9	1
merging	LES-AV	img_1	pred_7.png	209704.0	25355.0	0.0	20096.0	1684.0	0.0	19.0	16.0	0.0		10	1
merging	LES-AV	img_1	pred_8.png	209704.0	25503.0	0.0	20096.0	1711.0	0.0	19.0	18.0	0.0		19	1
merging	LES-AV	img_1	pred_9.png	209704.0	26727.0	0.0	20096.0	1845.0	0.0	19.0	19.0	0.0		20	1
merging	LES-AV	img_1	pred_10.png	209704.0	27219.0	0.0	20096.0	1922.0	0.0	19.0	21.0	0.0		5	1
merging	LES-AV	img_1	pred_11.png	209704.0	28613.0	0.0	20096.0	2090.0	0.0	19.0	23.0	0.0		16	1
merging	LES-AV	img_1	pred_12.png	209704.0	28912.0	0.0	20096.0	2186.0	0.0	19.0	25.0	0.0		17	1
merging	LES-AV	img_1	pred_13.png	209704.0	30141.0	0.0	20096.0	2339.0	0.0	19.0	27.0	0.0		8	1
merging	LES-AV	img_1	pred_14.png	209704.0	31595.0	0.0	20096.0	2504.0	0.0	19.0	29.0	0.0		12	1
merging	LES-AV	img_1	pred_15.png	209704.0	33255.0	0.0	20096.0	2641.0	0.0	19.0	31.0	0.0		1	1
merging	LES-AV	img_1	pred_16.png	209704.0	33646.0	0.0	20096.0	2705.0	0.0	19.0	32.0	0.0		3	1
merging	LES-AV	img_1	pred_17.png	209704.0	35811.0	0.0	20096.0	2909.0	0.0	19.0	34.0	0.0		18	1
merging	LES-AV	img_1	pred_18.png	209704.0	37092.0	0.0	20096.0	3007.0	0.0	19.0	36.0	0.0		4	1
merging	LES-AV	img_1	pred_19.png	209704.0	38223.0	0.0	20096.0	3126.0	0.0	19.0	38.0	0.0		15	1
merging	Minivess	img_0	gt.png	63267.0	0.0	0.0	3009.0	0.0	0.0	1.0	0.0	0.0		0	1
merging	Minivess	img_2	gt.png	44722.0	0.0	0.0	2022.0	0.0	0.0	1.0	0.0	0.0		0	1
merging	Minivess	img_1	gt.png	56469.0	0.0	0.0	2510.0	0.0	0.0	3.0	0.0	0.0		0	1
merging	NeuroMorpho	img_0	gt.png	59104.0	0.0	0.0	18614.0	0.0	0.0	88.0	0.0	0.0		0	1
merging	NeuroMorpho	img_0	pred_0.png	59104.0	181.0	0.0	18614.0	51.0	0.0	88.0	6.0	0.0		2	1
merging	NeuroMorpho	img_0	pred_1.png	59104.0	551.0	0.0	18614.0	157.0	0.0	88.0	11.0	0.0		11	1
merging	NeuroMorpho	img_0	pred_2.png	59104.0	628.0	0.0	18614.0	197.0	0.0	88.0	16.0	0.0		6	1
merging	NeuroMorpho	img_0	pred_3.png	59104.0	805.0	0.0	18614.0	251.0	0.0	88.0	21.0	0.0		13	1
merging	NeuroMorpho	img_0	pred_4.png	59104.0	1166.0	0.0	18614.0	342.0	0.0	88.0	26.0	0.0		7	1
merging	NeuroMorpho	img_0	pred_5.png	59104.0	1361.0	0.0	18614.0	402.0	0.0	88.0	31.0	0.0		14	1
merging	NeuroMorpho	img_0	pred_6.png	59104.0	1791.0	0.0	18614.0	498.0	0.0	88.0	36.0	0.0		9	1
merging	NeuroMorpho	img_0	pred_7.png	59104.0	2091.0	0.0	18614.0	572.0	0.0	88.0	41.0	0.0		10	1
merging	NeuroMorpho	img_0	pred_8.png	59104.0	2456.0	0.0	18614.0	654.0	0.0	88.0	46.0	0.0		19	1
merging	NeuroMorpho	img_0	pred_9.png	59104.0	2620.0	0.0	18614.0	697.0	0.0	88.0	51.0	0.0		20	1
merging	NeuroMorpho	img_0	pred_10.png	59104.0	2760.0	0.0	18614.0	735.0	0.0	88.0	55.0	0.0		5	1
merging	NeuroMorpho	img_0	pred_11.png	59104.0	3022.0	0.0	18614.0	800.0	0.0	88.0	60.0	0.0		16	1
merging	NeuroMorpho	img_0	pred_12.png	59104.0	3117.0	0.0	18614.0	830.0	0.0	88.0	65.0	0.0		17	1
merging	NeuroMorpho	img_0	pred_13.png	59104.0	3249.0	0.0	18614.0	880.0	0.0	88.0	70.0	0.0		8	1
merging	NeuroMorpho	img_0	pred_14.png	59104.0	3529.0	0.0	18614.0	961.0	0.0	88.0	75.0	0.0		12	1
merging	NeuroMorpho	img_0	pred_15.png	59104.0	3929.0	0.0	18614.0	1053.0	0.0	88.0	80.0	0.0		1	1
merging	NeuroMorpho	img_0	pred_16.png	59104.0	4162.0	0.0	18614.0	1118.0	0.0	88.0	85.0	0.0		3	1
merging	NeuroMorpho	img_0	pred_17.png	59104.0	4366.0	0.0	18614.0	1181.0	0.0	88.0	90.0	0.0		18	1
merging	NeuroMorpho	img_0	pred_18.png	59104.0	4805.0	0.0	18614.0	1278.0	0.0	88.0	95.0	0.0		4	1
merging	NeuroMorpho	img_0	pred_19.png	59104.0	4975.0	0.0	18614.0	1320.0	0.0	88.0	100.0	0.0		15	1
merging	NeuroMorpho	img_2	gt.png	86444.0	0.0	0.0	26268.0	0.0	0.0	227.0	0.0	0.0		0	1
merging	NeuroMorpho	img_2	pred_0.png	86444.0	409.0	0.0	26268.0	111.0	0.0	227.0	6.0	0.0		2	1
merging	NeuroMorpho	img_2	pred_1.png	86444.0	711.0	0.0	26268.0	181.0	0.0	227.0	11.0	0.0		11	1
merging	NeuroMorpho	img_2	pred_2.png	86444.0	1148.0	0.0	26268.0	287.0	0.0	227.0	16.0	0.0		6	1
merging	NeuroMorpho	img_2	pred_3.png	86444.0	1352.0	0.0	26268.0	355.0	0.0	227.0	21.0	0.0		13	1
merging	NeuroMorpho	img_2	pred_4.png	86444.0	1549.0	0.0	26268.0	417.0	0.0	227.0	26.0	0.0		7	1
merging	NeuroMorpho	img_2	pred_5.png	86444.0	1664.0	0.0	26268.0	446.0	0.0	227.0	31.0	0.0		14	1
merging	NeuroMorpho	img_2	pred_6.png	86444.0	1942.0	0.0	26268.0	520.0	0.0	227.0	36.0	0.0		9	1
merging	NeuroMorpho	img_2	pred_7.png	86444.0	2348.0	0.0	26268.0	619.0	0.0	227.0	41.0	0.0		10	1
merging	NeuroMorpho	img_2	pred_8.png	86444.0	2657.0	0.0	26268.0	680.0	0.0	227.0	46.0	0.0		19	1
merging	NeuroMorpho	img_2	pred_9.png	86444.0	3279.0	0.0	26268.0	815.0	0.0	227.0	51.0	0.0		20	1
merging	NeuroMorpho	img_2	pred_10.png	86444.0	3450.0	0.0	26268.0	859.0	0.0	227.0	55.0	0.0		5	1
merging	NeuroMorpho	img_2	pred_11.png	86444.0	3916.0	0.0	26268.0	939.0	0.0	227.0	60.0	0.0		16	1
merging	NeuroMorpho	img_2	pred_12.png	86444.0	4551.0	0.0	26268.0	1080.0	0.0	227.0	65.0	0.0		17	1
merging	NeuroMorpho	img_2	pred_13.png	86444.0	4790.0	0.0	26268.0	1140.0	0.0	227.0	70.0	0.0		8	1
merging	NeuroMorpho	img_2	pred_14.png	86444.0	4851.0	0.0	26268.0	1171.0	0.0	227.0	75.0	0.0		12	1
merging	NeuroMorpho	img_2	pred_15.png	86444.0	5363.0	0.0	26268.0	1264.0	0.0	227.0	80.0	0.0		1	1
merging	NeuroMorpho	img_2	pred_16.png	86444.0	5540.0	0.0	26268.0	1335.0	0.0	227.0	85.0	0.0		3	1
merging	NeuroMorpho	img_2	pred_17.png	86444.0	5659.0	0.0	26268.0	1383.0	0.0	227.0	90.0	0.0		18	1
merging	NeuroMorpho	img_2	pred_18.png	86444.0	5920.0	0.0	26268.0	1461.0	0.0	227.0	95.0	0.0		4	1
merging	NeuroMorpho	img_2	pred_19.png	86444.0	6170.0	0.0	26268.0	1525.0	0.0	227.0	100.0	0.0		15	1
merging	NeuroMorpho	img_1	gt.png	67749.0	0.0	0.0	21776.0	0.0	0.0	131.0	0.0	0.0		0	1
merging	NeuroMorpho	img_1	pred_0.png	67749.0	558.0	0.0	21776.0	151.0	0.0	131.0	6.0	0.0		2	1
merging	NeuroMorpho	img_1	pred_1.png	67749.0	931.0	0.0	21776.0	230.0	0.0	131.0	11.0	0.0		11	1
merging	NeuroMorpho	img_1	pred_2.png	67749.0	1195.0	0.0	21776.0	296.0	0.0	131.0	16.0	0.0		6	1
merging	NeuroMorpho	img_1	pred_3.png	67749.0	1378.0	0.0	21776.0	353.0	0.0	131.0	21.0	0.0		13	1
merging	NeuroMorpho	img_1	pred_4.png	67749.0	1694.0	0.0	21776.0	443.0	0.0	131.0	26.0	0.0		7	1
merging	NeuroMorpho	img_1	pred_5.png	67749.0	1833.0	0.0	21776.0	500.0	0.0	131.0	31.0	0.0		14	1
merging	NeuroMorpho	img_1	pred_6.png	67749.0	2284.0	0.0	21776.0	576.0	0.0	131.0	36.0	0.0		9	1
merging	NeuroMorpho	img_1	pred_7.png	67749.0	2452.0	0.0	21776.0	637.0	0.0	131.0	41.0	0.0		10	1
merging	NeuroMorpho	img_1	pred_8.png	67749.0	2572.0	0.0	21776.0	682.0	0.0	131.0	46.0	0.0		19	1
merging	NeuroMorpho	img_1	pred_9.png	67749.0	2718.0	0.0	21776.0	718.0	0.0	131.0	51.0	0.0		20	1
merging	NeuroMorpho	img_1	pred_10.png	67749.0	2904.0	0.0	21776.0	740.0	0.0	131.0	55.0	0.0		5	1
merging	NeuroMorpho	img_1	pred_11.png	67749.0	3046.0	0.0	21776.0	791.0	0.0	131.0	60.0	0.0		16	1
merging	NeuroMorpho	img_1	pred_12.png	67749.0	3251.0	0.0	21776.0	849.0	0.0	131.0	65.0	0.0		17	1
merging	NeuroMorpho	img_1	pred_13.png	67749.0	3415.0	0.0	21776.0	913.0	0.0	131.0	70.0	0.0		8	1
merging	NeuroMorpho	img_1	pred_14.png	67749.0	3548.0	0.0	21776.0	956.0	0.0	131.0	75.0	0.0		12	1
merging	NeuroMorpho	img_1	pred_15.png	67749.0	3899.0	0.0	21776.0	1024.0	0.0	131.0	80.0	0.0		1	1
merging	NeuroMorpho	img_1	pred_16.png	67749.0	4016.0	0.0	21776.0	1056.0	0.0	131.0	85.0	0.0		3	1
merging	NeuroMorpho	img_1	pred_17.png	67749.0	4403.0	0.0	21776.0	1153.0	0.0	131.0	90.0	0.0		18	1
merging	NeuroMorpho	img_1	pred_18.png	67749.0	4647.0	0.0	21776.0	1226.0	0.0	131.0	95.0	0.0		4	1
merging	NeuroMorpho	img_1	pred_19.png	67749.0	4750.0	0.0	21776.0	1263.0	0.0	131.0	100.0	0.0		15	1
hole	Roads	img_0	gt.png	148257.0	0.0	0.0	21040.0	0.0	0.0	68.0	0.0	0.0		0	1
hole	Roads	img_0	pred_0.png	148219.0	0.0	38.0	21031.0	8.0	9.0	68.0	6.0	0.0		2	1
hole	Roads	img_0	pred_1.png	148194.0	0.0	63.0	21022.0	13.0	18.0	68.0	11.0	0.0		11	1
hole	Roads	img_0	pred_2.png	148165.0	0.0	92.0	21014.0	19.0	26.0	68.0	16.0	0.0		6	1
hole	Roads	img_0	pred_3.png	148136.0	0.0	121.0	21006.0	25.0	34.0	68.0	21.0	0.0		13	1
hole	Roads	img_0	pred_4.png	148107.0	0.0	150.0	20996.0	31.0	44.0	68.0	26.0	0.0		7	1
hole	Roads	img_0	pred_5.png	148078.0	0.0	179.0	20984.0	37.0	56.0	68.0	31.0	0.0		14	1
hole	Roads	img_0	pred_6.png	148049.0	0.0	208.0	20975.0	43.0	65.0	68.0	36.0	0.0		9	1
hole	Roads	img_0	pred_7.png	148024.0	0.0	233.0	20969.0	48.0	71.0	68.0	41.0	0.0		10	1
hole	Roads	img_0	pred_8.png	147991.0	0.0	266.0	20958.0	55.0	82.0	68.0	46.0	0.0		19	1
hole	Roads	img_0	pred_9.png	147966.0	0.0	291.0	20953.0	60.0	87.0	68.0	51.0	0.0		20	1
hole	Roads	img_0	pred_10.png	147946.0	0.0	311.0	20950.0	64.0	90.0	68.0	55.0	0.0		5	1
hole	Roads	img_0	pred_11.png	147917.0	0.0	340.0	20942.0	70.0	98.0	68.0	60.0	0.0		16	1
hole	Roads	img_0	pred_12.png	147872.0	0.0	385.0	20931.0	76.0	109.0	68.0	65.0	0.0		17	1
hole	Roads	img_0	pred_13.png	147847.0	0.0	410.0	20925.0	81.0	115.0	68.0	70.0	0.0		8	1
hole	Roads	img_0	pred_14.png	147810.0	0.0	447.0	20912.0	89.0	128.0	68.0	75.0	0.0		12	1
hole	Roads	img_0	pred_15.png	147773.0	0.0	484.0	20901.0	95.0	139.0	68.0	80.0	0.0		1	1
hole	Roads	img_0	pred_16.png	147740.0	0.0	517.0	20890.0	102.0	150.0	68.0	85.0	0.0		3	1
hole	Roads	img_0	pred_17.png	147711.0	0.0	546.0	20884.0	108.0	156.0	68.0	90.0	0.0		18	1
hole	Roads	img_0	pred_18.png	147682.0	0.0	575.0	20875.0	114.0	165.0	68.0	95.0	0.0		4	1
hole	Roads	img_0	pred_19.png	147649.0	0.0	608.0	20863.0	119.0	177.0	68.0	100.0	0.0		15	1
hole	Roads	img_2	gt.png	206563.0	0.0	0.0	31942.0	0.0	0.0	69.0	0.0	0.0		0	1
hole	Roads	img_2	pred_0.png	206497.0	0.0	66.0	31923.0	7.0	19.0	69.0	6.0	0.0		2	1
hole	Roads	img_2	pred_1.png	206448.0	0.0	115.0	31910.0	14.0	32.0	69.0	11.0	0.0		11	1
hole	Roads	img_2	pred_2.png	206415.0	0.0	148.0	31898.0	21.0	44.0	69.0	16.0	0.0		6	1
hole	Roads	img_2	pred_3.png	206390.0	0.0	173.0	31890.0	26.0	52.0	69.0	21.0	0.0		13	1
hole	Roads	img_2	pred_4.png	206348.0	0.0	215.0	31875.0	33.0	67.0	69.0	26.0	0.0		7	1
hole	Roads	img_2	pred_5.png	206319.0	0.0	244.0	31865.0	39.0	77.0	69.0	31.0	0.0		14	1
hole	Roads	img_2	pred_6.png	206286.0	0.0	277.0	31852.0	46.0	90.0	69.0	36.0	0.0		9	1
hole	Roads	img_2	pred_7.png	206257.0	0.0	306.0	31842.0	52.0	100.0	69.0	41.0	0.0		10	1
hole	Roads	img_2	pred_8.png	206232.0	0.0	331.0	31830.0	57.0	112.0	69.0	46.0	0.0		19	1
hole	Roads	img_2	pred_9.png	206207.0	0.0	356.0	31820.0	62.0	122.0	69.0	51.0	0.0		20	1
hole	Roads	img_2	pred_10.png	206163.0	0.0	400.0	31808.0	68.0	134.0	69.0	55.0	0.0		5	1
hole	Roads	img_2	pred_11.png	206134.0	0.0	429.0	31794.0	74.0	148.0	69.0	60.0	0.0		16	1
hole	Roads	img_2	pred_12.png	206101.0	0.0	462.0	31779.0	81.0	163.0	69.0	65.0	0.0		17	1
hole	Roads	img_2	pred_13.png	206072.0	0.0	491.0	31768.0	87.0	174.0	69.0	70.0	0.0		8	1
hole	Roads	img_2	pred_14.png	206027.0	0.0	536.0	31753.0	93.0	189.0	69.0	75.0	0.0		12	1
hole	Roads	img_2	pred_15.png	205994.0	0.0	569.0	31742.0	100.0	200.0	69.0	80.0	0.0		1	1
hole	Roads	img_2	pred_16.png	205961.0	0.0	602.0	31728.0	107.0	214.0	69.0	85.0	0.0		3	1
hole	Roads	img_2	pred_17.png	205932.0	0.0	631.0	31716.0	113.0	226.0	69.0	90.0	0.0		18	1
hole	Roads	img_2	pred_18.png	205903.0	0.0	660.0	31703.0	119.0	239.0	69.0	95.0	0.0		4	1
hole	Roads	img_2	pred_19.png	205866.0	0.0	697.0	31691.0	125.0	251.0	69.0	100.0	0.0		15	1
hole	Roads	img_1	gt.png	190626.0	0.0	0.0	26311.0	0.0	0.0	135.0	0.0	0.0		0	1
hole	Roads	img_1	pred_0.png	190596.0	0.0	30.0	26303.0	6.0	8.0	135.0	6.0	0.0		2	1
hole	Roads	img_1	pred_1.png	190567.0	0.0	59.0	26293.0	12.0	18.0	135.0	11.0	0.0		11	1
hole	Roads	img_1	pred_2.png	190522.0	0.0	104.0	26281.0	18.0	30.0	135.0	16.0	0.0		6	1
hole	Roads	img_1	pred_3.png	190467.0	0.0	159.0	26268.0	25.0	43.0	135.0	21.0	0.0		13	1
hole	Roads	img_1	pred_4.png	190442.0	0.0	184.0	26261.0	30.0	50.0	135.0	26.0	0.0		7	1
hole	Roads	img_1	pred_5.png	190350.0	0.0	276.0	26245.0	41.0	66.0	135.0	31.0	0.0		14	1
hole	Roads	img_1	pred_6.png	190317.0	0.0	309.0	26234.0	48.0	77.0	135.0	36.0	0.0		9	1
hole	Roads	img_1	pred_7.png	190288.0	0.0	338.0	26221.0	54.0	90.0	135.0	41.0	0.0		10	1
hole	Roads	img_1	pred_8.png	190243.0	0.0	383.0	26213.0	60.0	98.0	135.0	46.0	0.0		19	1
hole	Roads	img_1	pred_9.png	190218.0	0.0	408.0	26208.0	65.0	103.0	135.0	51.0	0.0		20	1
hole	Roads	img_1	pred_10.png	190186.0	0.0	440.0	26199.0	72.0	112.0	135.0	55.0	0.0		5	1
hole	Roads	img_1	pred_11.png	190153.0	0.0	473.0	26191.0	79.0	120.0	135.0	60.0	0.0		16	1
hole	Roads	img_1	pred_12.png	190107.0	0.0	519.0	26180.0	88.0	131.0	135.0	65.0	0.0		17	1
hole	Roads	img_1	pred_13.png	190042.0	0.0	584.0	26167.0	93.0	144.0	135.0	70.0	0.0		8	1
hole	Roads	img_1	pred_14.png	190013.0	0.0	613.0	26160.0	99.0	151.0	135.0	75.0	0.0		12	1
hole	Roads	img_1	pred_15.png	189968.0	0.0	658.0	26150.0	105.0	161.0	135.0	80.0	0.0		1	1
hole	Roads	img_1	pred_16.png	189909.0	0.0	717.0	26138.0	119.0	173.0	135.0	85.0	0.0		3	1
hole	Roads	img_1	pred_17.png	189876.0	0.0	750.0	26130.0	124.0	181.0	135.0	90.0	0.0		18	1
hole	Roads	img_1	pred_18.png	189843.0	0.0	783.0	26119.0	131.0	192.0	135.0	95.0	0.0		4	1
hole	Roads	img_1	pred_19.png	189806.0	0.0	820.0	26108.0	139.0	203.0	135.0	100.0	0.0		15	1
hole	Colon_cells	img_0	gt.png	11002.0	0.0	0.0	608.0	0.0	0.0	0.0	0.0	0.0		0	1
hole	Colon_cells	img_0	pred_0.png	10960.0	0.0	42.0	595.0	9.0	13.0	0.0	6.0	0.0		2	1
hole	Colon_cells	img_0	pred_1.png	10927.0	0.0	75.0	590.0	16.0	18.0	0.0	11.0	0.0		11	1
hole	Colon_cells	img_0	pred_2.png	10894.0	0.0	108.0	585.0	23.0	23.0	0.0	16.0	0.0		6	1
hole	Colon_cells	img_0	pred_3.png	10849.0	0.0	153.0	578.0	31.0	30.0	0.0	21.0	0.0		13	1
hole	Colon_cells	img_0	pred_4.png	10816.0	0.0	186.0	568.0	38.0	40.0	0.0	26.0	0.0		7	1
hole	Colon_cells	img_0	pred_5.png	10779.0	0.0	223.0	559.0	46.0	49.0	0.0	31.0	0.0		14	1
hole	Colon_cells	img_0	pred_6.png	10750.0	0.0	252.0	553.0	52.0	55.0	0.0	36.0	0.0		9	1
hole	Colon_cells	img_0	pred_7.png	10721.0	0.0	281.0	550.0	58.0	58.0	0.0	41.0	0.0		10	1
hole	Colon_cells	img_0	pred_8.png	10688.0	0.0	314.0	544.0	65.0	64.0	0.0	46.0	0.0		19	1
hole	Colon_cells	img_0	pred_9.png	10659.0	0.0	343.0	537.0	71.0	71.0	0.0	51.0	0.0		20	1
hole	Colon_cells	img_0	pred_10.png	10639.0	0.0	363.0	533.0	75.0	75.0	0.0	55.0	0.0		5	1
hole	Colon_cells	img_0	pred_11.png	10610.0	0.0	392.0	527.0	81.0	81.0	0.0	60.0	0.0		16	1
hole	Colon_cells	img_0	pred_12.png	10577.0	0.0	425.0	521.0	88.0	87.0	0.0	65.0	0.0		17	1
hole	Colon_cells	img_0	pred_13.png	10548.0	0.0	454.0	516.0	94.0	92.0	0.0	70.0	0.0		8	1
hole	Colon_cells	img_0	pred_14.png	10503.0	0.0	499.0	510.0	100.0	98.0	0.0	75.0	0.0		12	1
hole	Colon_cells	img_0	pred_15.png	10474.0	0.0	528.0	505.0	106.0	103.0	0.0	80.0	0.0		1	1
hole	Colon_cells	img_0	pred_16.png	10445.0	0.0	557.0	501.0	112.0	107.0	0.0	85.0	0.0		3	1
hole	Colon_cells	img_0	pred_17.png	10408.0	0.0	594.0	498.0	118.0	110.0	0.0	90.0	0.0		18	1
hole	Colon_cells	img_0	pred_18.png	10379.0	0.0	623.0	491.0	124.0	117.0	0.0	95.0	0.0		4	1
hole	Colon_cells	img_0	pred_19.png	10350.0	0.0	652.0	486.0	130.0	122.0	0.0	100.0	0.0		15	1
hole	Colon_cells	img_2	gt.png	22641.0	0.0	0.0	1257.0	0.0	0.0	3.0	0.0	0.0		0	1
hole	Colon_cells	img_2	pred_0.png	22599.0	0.0	42.0	1253.0	9.0	4.0	3.0	6.0	0.0		2	1
hole	Colon_cells	img_2	pred_1.png	22566.0	0.0	75.0	1246.0	16.0	11.0	3.0	11.0	0.0		11	1
hole	Colon_cells	img_2	pred_2.png	22528.0	0.0	113.0	1237.0	24.0	20.0	3.0	16.0	0.0		6	1
hole	Colon_cells	img_2	pred_3.png	22487.0	0.0	154.0	1231.0	31.0	26.0	3.0	21.0	0.0		13	1
hole	Colon_cells	img_2	pred_4.png	22434.0	0.0	207.0	1224.0	40.0	33.0	3.0	26.0	0.0		7	1
hole	Colon_cells	img_2	pred_5.png	22337.0	0.0	304.0	1207.0	49.0	50.0	3.0	31.0	0.0		14	1
hole	Colon_cells	img_2	pred_6.png	22306.0	0.0	335.0	1204.0	55.0	53.0	3.0	36.0	0.0		9	1
hole	Colon_cells	img_2	pred_7.png	22281.0	0.0	360.0	1199.0	60.0	58.0	3.0	41.0	0.0		10	1
hole	Colon_cells	img_2	pred_8.png	22252.0	0.0	389.0	1194.0	66.0	63.0	3.0	46.0	0.0		19	1
hole	Colon_cells	img_2	pred_9.png	22219.0	0.0	422.0	1190.0	73.0	67.0	3.0	51.0	0.0		20	1
hole	Colon_cells	img_2	pred_10.png	22193.0	0.0	448.0	1186.0	79.0	71.0	3.0	55.0	0.0		5	1
hole	Colon_cells	img_2	pred_11.png	22144.0	0.0	497.0	1181.0	88.0	76.0	3.0	60.0	0.0		16	1
hole	Colon_cells	img_2	pred_12.png	22107.0	0.0	534.0	1173.0	96.0	84.0	3.0	65.0	0.0		17	1
hole	Colon_cells	img_2	pred_13.png	22062.0	0.0	579.0	1167.0	102.0	90.0	3.0	70.0	0.0		8	1
hole	Colon_cells	img_2	pred_14.png	22008.0	0.0	633.0	1159.0	110.0	98.0	3.0	75.0	0.0		12	1
hole	Colon_cells	img_2	pred_15.png	21936.0	0.0	705.0	1153.0	120.0	104.0	3.0	80.0	0.0		1	1
hole	Colon_cells	img_2	pred_16.png	21911.0	0.0	730.0	1151.0	125.0	106.0	3.0	85.0	0.0		3	1
hole	Colon_cells	img_2	pred_17.png	21878.0	0.0	763.0	1147.0	132.0	110.0	3.0	90.0	0.0		18	1
hole	Colon_cells	img_2	pred_18.png	21845.0	0.0	796.0	1143.0	139.0	114.0	3.0	95.0	0.0		4	1
hole	Colon_cells	img_2	pred_19.png	21812.0	0.0	829.0	1136.0	146.0	121.0	3.0	100.0	0.0		15	1
hole	Colon_cells	img_1	gt.png	23563.0	0.0	0.0	1374.0	0.0	0.0	5.0	0.0	0.0		0	1
hole	Colon_cells	img_1	pred_0.png	23525.0	0.0	38.0	1365.0	8.0	9.0	5.0	6.0	0.0		2	1
hole	Colon_cells	img_1	pred_1.png	23476.0	0.0	87.0	1357.0	15.0	17.0	5.0	11.0	0.0		11	1
hole	Colon_cells	img_1	pred_2.png	23443.0	0.0	120.0	1351.0	22.0	23.0	5.0	16.0	0.0		6	1
hole	Colon_cells	img_1	pred_3.png	23390.0	0.0	173.0	1345.0	28.0	29.0	5.0	21.0	0.0		13	1
hole	Colon_cells	img_1	pred_4.png	23361.0	0.0	202.0	1336.0	34.0	38.0	5.0	26.0	0.0		7	1
hole	Colon_cells	img_1	pred_5.png	23336.0	0.0	227.0	1329.0	39.0	45.0	5.0	31.0	0.0		14	1
hole	Colon_cells	img_1	pred_6.png	23295.0	0.0	268.0	1321.0	46.0	53.0	5.0	36.0	0.0		9	1
hole	Colon_cells	img_1	pred_7.png	23262.0	0.0	301.0	1319.0	51.0	55.0	5.0	41.0	0.0		10	1
hole	Colon_cells	img_1	pred_8.png	23221.0	0.0	342.0	1311.0	60.0	63.0	5.0	46.0	0.0		19	1
hole	Colon_cells	img_1	pred_9.png	23184.0	0.0	379.0	1303.0	68.0	71.0	5.0	51.0	0.0		20	1
hole	Colon_cells	img_1	pred_10.png	23160.0	0.0	403.0	1297.0	73.0	77.0	5.0	55.0	0.0		5	1
hole	Colon_cells	img_1	pred_11.png	23135.0	0.0	428.0	1294.0	78.0	80.0	5.0	60.0	0.0		16	1
hole	Colon_cells	img_1	pred_12.png	23110.0	0.0	453.0	1288.0	83.0	86.0	5.0	65.0	0.0		17	1
hole	Colon_cells	img_1	pred_13.png	23053.0	0.0	510.0	1280.0	94.0	94.0	5.0	70.0	0.0		8	1
hole	Colon_cells	img_1	pred_14.png	23016.0	0.0	547.0	1274.0	102.0	100.0	5.0	75.0	0.0		12	1
hole	Colon_cells	img_1	pred_15.png	22962.0	0.0	601.0	1270.0	110.0	104.0	5.0	80.0	0.0		1	1
hole	Colon_cells	img_1	pred_16.png	22933.0	0.0	630.0	1266.0	116.0	108.0	5.0	85.0	0.0		3	1
hole	Colon_cells	img_1	pred_17.png	22904.0	0.0	659.0	1263.0	122.0	111.0	5.0	90.0	0.0		18	1
hole	Colon_cells	img_1	pred_18.png	22871.0	0.0	692.0	1256.0	129.0	118.0	5.0	95.0	0.0		4	1
hole	Colon_cells	img_1	pred_19.png	22842.0	0.0	721.0	1250.0	135.0	124.0	5.0	100.0	0.0		15	1
hole	CREMI	img_0	gt.png	25478.0	0.0	0.0	8960.0	0.0	0.0	271.0	0.0	0.0		0	1
hole	CREMI	img_2	gt.png	25641.0	0.0	0.0	9016.0	0.0	0.0	263.0	0.0	0.0		0	1
hole	CREMI	img_1	gt.png	25520.0	0.0	0.0	8892.0	0.0	0.0	239.0	0.0	0.0		0	1
hole	LES-AV	img_0	gt.png	158725.0	0.0	0.0	16428.0	0.0	0.0	21.0	0.0	0.0		0	1
hole	LES-AV	img_0	pred_0.png	158613.0	0.0	112.0	16413.0	15.0	15.0	21.0	6.0	0.0		2	1
hole	LES-AV	img_0	pred_1.png	158183.0	0.0	542.0	16393.0	56.0	35.0	21.0	11.0	0.0		11	1
hole	LES-AV	img_0	pred_2.png	157779.0	0.0	946.0	16351.0	91.0	77.0	21.0	16.0	0.0		6	1
hole	LES-AV	img_0	pred_3.png	157603.0	0.0	1122.0	16327.0	113.0	101.0	21.0	21.0	0.0		13	1
hole	LES-AV	img_0	pred_4.png	157173.0	0.0	1552.0	16303.0	159.0	125.0	21.0	26.0	0.0		7	1
hole	LES-AV	img_0	pred_5.png	157015.0	0.0	1710.0	16285.0	171.0	143.0	21.0	31.0	0.0		14	1
hole	LES-AV	img_0	pred_6.png	156966.0	0.0	1759.0	16280.0	178.0	148.0	21.0	36.0	0.0		9	1
hole	LES-AV	img_0	pred_7.png	156845.0	0.0	1880.0	16268.0	185.0	160.0	21.0	41.0	0.0		10	1
hole	LES-AV	img_0	pred_8.png	156730.0	0.0	1995.0	16253.0	208.0	175.0	21.0	46.0	0.0		19	1
hole	LES-AV	img_0	pred_9.png	156431.0	0.0	2294.0	16227.0	235.0	201.0	21.0	51.0	0.0		20	1
hole	LES-AV	img_0	pred_10.png	156349.0	0.0	2376.0	16216.0	241.0	212.0	21.0	55.0	0.0		5	1
hole	LES-AV	img_0	pred_11.png	156029.0	0.0	2696.0	16191.0	252.0	237.0	21.0	60.0	0.0		16	1
hole	LES-AV	img_0	pred_12.png	155953.0	0.0	2772.0	16179.0	260.0	249.0	21.0	65.0	0.0		17	1
hole	LES-AV	img_0	pred_13.png	155830.0	0.0	2895.0	16168.0	272.0	260.0	21.0	70.0	0.0		8	1
hole	LES-AV	img_0	pred_14.png	155769.0	0.0	2956.0	16162.0	278.0	266.0	21.0	75.0	0.0		12	1
hole	LES-AV	img_0	pred_15.png	155453.0	0.0	3272.0	16130.0	305.0	298.0	21.0	80.0	0.0		1	1
hole	LES-AV	img_0	pred_16.png	155123.0	0.0	3602.0	16104.0	330.0	324.0	21.0	85.0	0.0		3	1
hole	LES-AV	img_0	pred_17.png	155033.0	0.0	3692.0	16097.0	345.0	331.0	21.0	90.0	0.0		18	1
hole	LES-AV	img_0	pred_18.png	154870.0	0.0	3855.0	16079.0	358.0	349.0	21.0	95.0	0.0		4	1
hole	LES-AV	img_0	pred_19.png	154623.0	0.0	4102.0	16044.0	399.0	384.0	21.0	100.0	0.0		15	1
hole	LES-AV	img_2	gt.png	224228.0	0.0	0.0	18647.0	0.0	0.0	24.0	0.0	0.0		0	1
hole	LES-AV	img_2	pred_0.png	224000.0	0.0	228.0	18625.0	27.0	22.0	24.0	6.0	0.0		2	1
hole	LES-AV	img_2	pred_1.png	223790.0	0.0	438.0	18601.0	35.0	46.0	24.0	11.0	0.0		11	1
hole	LES-AV	img_2	pred_2.png	223497.0	0.0	731.0	18581.0	65.0	66.0	24.0	16.0	0.0		6	1
hole	LES-AV	img_2	pred_3.png	223381.0	0.0	847.0	18568.0	73.0	79.0	24.0	21.0	0.0		13	1
hole	LES-AV	img_2	pred_4.png	223109.0	0.0	1119.0	18551.0	98.0	96.0	24.0	26.0	0.0		7	1
hole	LES-AV	img_2	pred_5.png	222911.0	0.0	1317.0	18531.0	110.0	116.0	24.0	31.0	0.0		14	1
hole	LES-AV	img_2	pred_6.png	222722.0	0.0	1506.0	18510.0	132.0	137.0	24.0	36.0	0.0		9	1
hole	LES-AV	img_2	pred_7.png	222484.0	0.0	1744.0	18495.0	153.0	152.0	24.0	41.0	0.0		10	1
hole	LES-AV	img_2	pred_8.png	222252.0	0.0	1976.0	18467.0	187.0	180.0	24.0	46.0	0.0		19	1
hole	LES-AV	img_2	pred_9.png	222185.0	0.0	2043.0	18463.0	196.0	184.0	24.0	51.0	0.0		20	1
hole	LES-AV	img_2	pred_10.png	222087.0	0.0	2141.0	18449.0	210.0	198.0	24.0	55.0	0.0		5	1
hole	LES-AV	img_2	pred_11.png	221994.0	0.0	2234.0	18436.0	222.0	211.0	24.0	60.0	0.0		16	1
hole	LES-AV	img_2	pred_12.png	221815.0	0.0	2413.0	18422.0	240.0	225.0	24.0	65.0	0.0		17	1
hole	LES-AV	img_2	pred_13.png	221332.0	0.0	2896.0	18376.0	300.0	271.0	24.0	70.0	0.0		8	1
hole	LES-AV	img_2	pred_14.png	221016.0	0.0	3212.0	18347.0	311.0	300.0	24.0	75.0	0.0		12	1
hole	LES-AV	img_2	pred_15.png	220954.0	0.0	3274.0	18347.0	321.0	300.0	24.0	80.0	0.0		1	1
hole	LES-AV	img_2	pred_16.png	220733.0	0.0	3495.0	18322.0	338.0	325.0	24.0	85.0	0.0		3	1
hole	LES-AV	img_2	pred_17.png	220424.0	0.0	3804.0	18299.0	360.0	348.0	24.0	90.0	0.0		18	1
hole	LES-AV	img_2	pred_18.png	220117.0	0.0	4111.0	18267.0	375.0	380.0	24.0	95.0	0.0		4	1
hole	LES-AV	img_2	pred_19.png	219943.0	0.0	4285.0	18250.0	384.0	397.0	24.0	100.0	0.0		15	1
hole	LES-AV	img_1	gt.png	209704.0	0.0	0.0	20096.0	0.0	0.0	19.0	0.0	0.0		0	1
hole	LES-AV	img_1	pred_0.png	209573.0	0.0	131.0	20080.0	18.0	16.0	19.0	6.0	0.0		2	1
hole	LES-AV	img_1	pred_1.png	209518.0	0.0	186.0	20075.0	27.0	21.0	19.0	11.0	0.0		11	1
hole	LES-AV	img_1	pred_2.png	209177.0	0.0	527.0	20044.0	45.0	52.0	19.0	16.0	0.0		6	1
hole	LES-AV	img_1	pred_3.png	208679.0	0.0	1025.0	20000.0	89.0	96.0	19.0	21.0	0.0		13	1
hole	LES-AV	img_1	pred_4.png	208592.0	0.0	1112.0	19985.0	99.0	111.0	19.0	26.0	0.0		7	1
hole	LES-AV	img_1	pred_5.png	208512.0	0.0	1192.0	19974.0	106.0	122.0	19.0	31.0	0.0		14	1
hole	LES-AV	img_1	pred_6.png	208201.0	0.0	1503.0	19939.0	143.0	157.0	19.0	36.0	0.0		9	1
hole	LES-AV	img_1	pred_7.png	207909.0	0.0	1795.0	19912.0	168.0	184.0	19.0	41.0	0.0		10	1
hole	LES-AV	img_1	pred_8.png	207816.0	0.0	1888.0	19898.0	176.0	198.0	19.0	46.0	0.0		19	1
hole	LES-AV	img_1	pred_9.png	207660.0	0.0	2044.0	19894.0	195.0	202.0	19.0	51.0	0.0		20	1
hole	LES-AV	img_1	pred_10.png	207580.0	0.0	2124.0	19885.0	203.0	211.0	19.0	55.0	0.0		5	1
hole	LES-AV	img_1	pred_11.png	207519.0	0.0	2185.0	19876.0	214.0	220.0	19.0	60.0	0.0		16	1
hole	LES-AV	img_1	pred_12.png	207291.0	0.0	2413.0	19860.0	228.0	236.0	19.0	65.0	0.0		17	1
hole	LES-AV	img_1	pred_13.png	207042.0	0.0	2662.0	19828.0	260.0	268.0	19.0	70.0	0.0		8	1
hole	LES-AV	img_1	pred_14.png	206883.0	0.0	2821.0	19815.0	271.0	281.0	19.0	75.0	0.0		12	1
hole	LES-AV	img_1	pred_15.png	206725.0	0.0	2979.0	19793.0	283.0	303.0	19.0	80.0	0.0		1	1
hole	LES-AV	img_1	pred_16.png	206588.0	0.0	3116.0	19779.0	299.0	317.0	19.0	85.0	0.0		3	1
hole	LES-AV	img_1	pred_17.png	206461.0	0.0	3243.0	19767.0	312.0	329.0	19.0	90.0	0.0		18	1
hole	LES-AV	img_1	pred_18.png	206410.0	0.0	3294.0	19757.0	320.0	339.0	19.0	95.0	0.0		4	1
hole	LES-AV	img_1	pred_19.png	206176.0	0.0	3528.0	19727.0	331.0	369.0	19.0	100.0	0.0		15	1
hole	Minivess	img_0	gt.png	63267.0	0.0	0.0	3009.0	0.0	0.0	1.0	0.0	0.0		0	1
hole	Minivess	img_0	pred_0.png	61456.0	0.0	1811.0	2927.0	76.0	82.0	1.0	6.0	0.0		2	1
hole	Minivess	img_0	pred_1.png	59287.0	0.0	3980.0	2834.0	220.0	175.0	1.0	11.0	0.0		11	1
hole	Minivess	img_0	pred_2.png	55138.0	0.0	8129.0	2733.0	323.0	276.0	1.0	16.0	0.0		6	1
hole	Minivess	img_0	pred_3.png	54229.0	0.0	9038.0	2721.0	435.0	288.0	1.0	21.0	0.0		13	1
hole	Minivess	img_0	pred_4.png	54060.0	0.0	9207.0	2714.0	451.0	295.0	1.0	26.0	0.0		7	1
hole	Minivess	img_0	pred_5.png	53945.0	0.0	9322.0	2714.0	466.0	295.0	1.0	31.0	0.0		14	1
hole	Minivess	img_0	pred_6.png	53282.0	0.0	9985.0	2694.0	506.0	315.0	1.0	36.0	0.0		9	1
hole	Minivess	img_0	pred_7.png	52521.0	0.0	10746.0	2663.0	533.0	346.0	1.0	41.0	0.0		10	1
hole	Minivess	img_0	pred_8.png	52240.0	0.0	11027.0	2644.0	550.0	365.0	1.0	46.0	0.0		19	1
hole	Minivess	img_0	pred_9.png	51980.0	0.0	11287.0	2638.0	558.0	371.0	1.0	51.0	0.0		20	1
hole	Minivess	img_0	pred_10.png	51479.0	0.0	11788.0	2615.0	597.0	394.0	1.0	55.0	0.0		5	1
hole	Minivess	img_0	pred_11.png	51306.0	0.0	11961.0	2601.0	612.0	408.0	1.0	60.0	0.0		16	1
hole	Minivess	img_0	pred_12.png	50872.0	0.0	12395.0	2586.0	648.0	423.0	1.0	65.0	0.0		17	1
hole	Minivess	img_0	pred_13.png	50459.0	0.0	12808.0	2586.0	685.0	423.0	1.0	70.0	0.0		8	1
hole	Minivess	img_0	pred_14.png	50280.0	0.0	12987.0	2563.0	697.0	446.0	1.0	75.0	0.0		12	1
hole	Minivess	img_0	pred_15.png	49808.0	0.0	13459.0	2553.0	747.0	456.0	1.0	80.0	0.0		1	1
hole	Minivess	img_0	pred_16.png	49386.0	0.0	13881.0	2538.0	794.0	471.0	1.0	85.0	0.0		3	1
hole	Minivess	img_0	pred_17.png	49078.0	0.0	14189.0	2538.0	819.0	471.0	1.0	90.0	0.0		18	1
hole	Minivess	img_0	pred_18.png	48958.0	0.0	14309.0	2527.0	830.0	482.0	1.0	95.0	0.0		4	1
hole	Minivess	img_0	pred_19.png	48779.0	0.0	14488.0	2508.0	854.0	501.0	1.0	100.0	0.0		15	1
hole	Minivess	img_2	gt.png	44722.0	0.0	0.0	2022.0	0.0	0.0	1.0	0.0	0.0		0	1
hole	Minivess	img_2	pred_0.png	43916.0	0.0	806.0	2002.0	30.0	20.0	1.0	6.0	0.0		2	1
hole	Minivess	img_2	pred_1.png	42643.0	0.0	2079.0	1948.0	107.0	74.0	1.0	11.0	0.0		11	1
hole	Minivess	img_2	pred_2.png	41294.0	0.0	3428.0	1940.0	254.0	82.0	1.0	16.0	0.0		6	1
hole	Minivess	img_2	pred_3.png	40555.0	0.0	4167.0	1893.0	317.0	129.0	1.0	21.0	0.0		13	1
hole	Minivess	img_2	pred_4.png	39407.0	0.0	5315.0	1852.0	388.0	170.0	1.0	26.0	0.0		7	1
hole	Minivess	img_2	pred_5.png	38988.0	0.0	5734.0	1833.0	421.0	189.0	1.0	31.0	0.0		14	1
hole	Minivess	img_2	pred_6.png	37916.0	0.0	6806.0	1791.0	445.0	231.0	1.0	36.0	0.0		9	1
hole	Minivess	img_2	pred_7.png	37121.0	0.0	7601.0	1754.0	501.0	268.0	1.0	41.0	0.0		10	1
hole	Minivess	img_2	pred_8.png	36534.0	0.0	8188.0	1746.0	545.0	276.0	1.0	46.0	0.0		19	1
hole	Minivess	img_2	pred_9.png	36263.0	0.0	8459.0	1726.0	559.0	296.0	1.0	51.0	0.0		20	1
hole	Minivess	img_2	pred_10.png	34943.0	0.0	9779.0	1659.0	610.0	363.0	1.0	55.0	0.0		5	1
hole	Minivess	img_2	pred_11.png	34791.0	0.0	9931.0	1652.0	627.0	370.0	1.0	60.0	0.0		16	1
hole	Minivess	img_2	pred_12.png	34406.0	0.0	10316.0	1642.0	660.0	380.0	1.0	65.0	0.0		17	1
hole	Minivess	img_2	pred_13.png	34238.0	0.0	10484.0	1630.0	675.0	392.0	1.0	70.0	0.0		8	1
hole	Minivess	img_2	pred_14.png	33670.0	0.0	11052.0	1604.0	707.0	418.0	1.0	75.0	0.0		12	1
hole	Minivess	img_2	pred_15.png	33288.0	0.0	11434.0	1598.0	760.0	424.0	1.0	80.0	0.0		1	1
hole	Minivess	img_2	pred_16.png	33191.0	0.0	11531.0	1586.0	768.0	436.0	1.0	85.0	0.0		3	1
hole	Minivess	img_2	pred_17.png	32975.0	0.0	11747.0	1584.0	780.0	438.0	1.0	90.0	0.0		18	1
hole	Minivess	img_2	pred_18.png	32657.0	0.0	12065.0	1567.0	802.0	455.0	1.0	95.0	0.0		4	1
hole	Minivess	img_2	pred_19.png	32419.0	0.0	12303.0	1556.0	814.0	466.0	1.0	100.0	0.0		15	1
hole	Minivess	img_1	gt.png	56469.0	0.0	0.0	2510.0	0.0	0.0	3.0	0.0	0.0		0	1
hole	Minivess	img_1	pred_0.png	55188.0	0.0	1281.0	2464.0	84.0	46.0	3.0	6.0	0.0		2	1
hole	Minivess	img_1	pred_1.png	53558.0	0.0	2911.0	2382.0	157.0	128.0	3.0	11.0	0.0		11	1
hole	Minivess	img_1	pred_2.png	52255.0	0.0	4214.0	2278.0	234.0	232.0	3.0	16.0	0.0		6	1
hole	Minivess	img_1	pred_3.png	51786.0	0.0	4683.0	2236.0	270.0	274.0	3.0	21.0	0.0		13	1
hole	Minivess	img_1	pred_4.png	51235.0	0.0	5234.0	2208.0	318.0	302.0	3.0	26.0	0.0		7	1
hole	Minivess	img_1	pred_5.png	51046.0	0.0	5423.0	2198.0	341.0	312.0	3.0	31.0	0.0		14	1
hole	Minivess	img_1	pred_6.png	49602.0	0.0	6867.0	2121.0	394.0	389.0	3.0	36.0	0.0		9	1
hole	Minivess	img_1	pred_7.png	48667.0	0.0	7802.0	2075.0	479.0	435.0	3.0	41.0	0.0		10	1
hole	Minivess	img_1	pred_8.png	48493.0	0.0	7976.0	2075.0	495.0	435.0	3.0	46.0	0.0		19	1
hole	Minivess	img_1	pred_9.png	48116.0	0.0	8353.0	2059.0	510.0	451.0	3.0	51.0	0.0		20	1
hole	Minivess	img_1	pred_10.png	47899.0	0.0	8570.0	2052.0	548.0	458.0	3.0	55.0	0.0		5	1
hole	Minivess	img_1	pred_11.png	47173.0	0.0	9296.0	1999.0	601.0	511.0	3.0	60.0	0.0		16	1
hole	Minivess	img_1	pred_12.png	47098.0	0.0	9371.0	1996.0	611.0	514.0	3.0	65.0	0.0		17	1
hole	Minivess	img_1	pred_13.png	46541.0	0.0	9928.0	1958.0	638.0	552.0	3.0	70.0	0.0		8	1
hole	Minivess	img_1	pred_14.png	46374.0	0.0	10095.0	1939.0	655.0	571.0	3.0	75.0	0.0		12	1
hole	Minivess	img_1	pred_15.png	46067.0	0.0	10402.0	1927.0	682.0	583.0	3.0	80.0	0.0		1	1
hole	Minivess	img_1	pred_16.png	45898.0	0.0	10571.0	1915.0	694.0	595.0	3.0	85.0	0.0		3	1
hole	Minivess	img_1	pred_17.png	45593.0	0.0	10876.0	1900.0	717.0	610.0	3.0	90.0	0.0		18	1
hole	Minivess	img_1	pred_18.png	45528.0	0.0	10941.0	1895.0	728.0	615.0	3.0	95.0	0.0		4	1
hole	Minivess	img_1	pred_19.png	45479.0	0.0	10990.0	1891.0	735.0	619.0	3.0	100.0	0.0		15	1
hole	NeuroMorpho	img_0	gt.png	59104.0	0.0	0.0	18614.0	0.0	0.0	88.0	0.0	0.0		0	1
hole	NeuroMorpho	img_0	pred_0.png	59094.0	0.0	10.0	18609.0	2.0	5.0	88.0	2.0	0.0		2	1
hole	NeuroMorpho	img_0	pred_1.png	59084.0	0.0	20.0	18605.0	4.0	9.0	88.0	4.0	0.0		11	1
hole	NeuroMorpho	img_0	pred_2.png	59079.0	0.0	25.0	18604.0	5.0	10.0	88.0	5.0	0.0		6	1
hole	NeuroMorpho	img_0	pred_3.png	59074.0	0.0	30.0	18601.0	6.0	13.0	88.0	6.0	0.0		13	1
hole	NeuroMorpho	img_0	pred_4.png	59064.0	0.0	40.0	18597.0	8.0	17.0	88.0	8.0	0.0		7	1
hole	NeuroMorpho	img_0	pred_5.png	59055.0	0.0	49.0	18593.0	10.0	21.0	88.0	9.0	0.0		14	1
hole	NeuroMorpho	img_0	pred_6.png	59050.0	0.0	54.0	18589.0	11.0	25.0	88.0	10.0	0.0		9	1
hole	NeuroMorpho	img_0	pred_7.png	59040.0	0.0	64.0	18586.0	13.0	28.0	88.0	12.0	0.0		10	1
hole	NeuroMorpho	img_0	pred_8.png	59035.0	0.0	69.0	18584.0	14.0	30.0	88.0	13.0	0.0		19	1
hole	NeuroMorpho	img_0	pred_9.png	59025.0	0.0	79.0	18577.0	16.0	37.0	88.0	15.0	0.0		20	1
hole	NeuroMorpho	img_0	pred_10.png	59020.0	0.0	84.0	18576.0	17.0	38.0	88.0	16.0	0.0		5	1
hole	NeuroMorpho	img_0	pred_11.png	59015.0	0.0	89.0	18574.0	18.0	40.0	88.0	17.0	0.0		16	1
hole	NeuroMorpho	img_0	pred_12.png	59001.0	0.0	103.0	18569.0	21.0	45.0	88.0	19.0	0.0		17	1
hole	NeuroMorpho	img_0	pred_13.png	58996.0	0.0	108.0	18568.0	22.0	46.0	88.0	20.0	0.0		8	1
hole	NeuroMorpho	img_0	pred_14.png	58991.0	0.0	113.0	18566.0	23.0	48.0	88.0	21.0	0.0		12	1
hole	NeuroMorpho	img_0	pred_15.png	58981.0	0.0	123.0	18561.0	25.0	53.0	88.0	23.0	0.0		1	1
hole	NeuroMorpho	img_0	pred_16.png	58976.0	0.0	128.0	18559.0	26.0	55.0	88.0	24.0	0.0		3	1
hole	NeuroMorpho	img_0	pred_17.png	58971.0	0.0	133.0	18557.0	27.0	57.0	88.0	25.0	0.0		18	1
hole	NeuroMorpho	img_0	pred_18.png	58961.0	0.0	143.0	18552.0	29.0	62.0	88.0	27.0	0.0		4	1
hole	NeuroMorpho	img_0	pred_19.png	58956.0	0.0	148.0	18549.0	30.0	65.0	88.0	28.0	0.0		15	1
hole	NeuroMorpho	img_2	gt.png	86444.0	0.0	0.0	26268.0	0.0	0.0	227.0	0.0	0.0		0	1
hole	NeuroMorpho	img_2	pred_0.png	86406.0	0.0	38.0	26251.0	8.0	17.0	227.0	6.0	0.0		2	1
hole	NeuroMorpho	img_2	pred_1.png	86357.0	0.0	87.0	26235.0	17.0	33.0	227.0	11.0	0.0		11	1
hole	NeuroMorpho	img_2	pred_2.png	86332.0	0.0	112.0	26222.0	22.0	46.0	227.0	16.0	0.0		6	1
hole	NeuroMorpho	img_2	pred_3.png	86295.0	0.0	149.0	26209.0	28.0	59.0	227.0	21.0	0.0		13	1
hole	NeuroMorpho	img_2	pred_4.png	86266.0	0.0	178.0	26192.0	34.0	76.0	227.0	26.0	0.0		7	1
hole	NeuroMorpho	img_2	pred_5.png	86237.0	0.0	207.0	26184.0	40.0	84.0	227.0	31.0	0.0		14	1
hole	NeuroMorpho	img_2	pred_6.png	86208.0	0.0	236.0	26173.0	46.0	95.0	227.0	36.0	0.0		9	1
hole	NeuroMorpho	img_2	pred_7.png	86183.0	0.0	261.0	26162.0	51.0	106.0	227.0	41.0	0.0		10	1
hole	NeuroMorpho	img_2	pred_8.png	86150.0	0.0	294.0	26144.0	58.0	124.0	227.0	46.0	0.0		19	1
hole	NeuroMorpho	img_2	pred_9.png	86117.0	0.0	327.0	26135.0	65.0	133.0	227.0	51.0	0.0		20	1
hole	NeuroMorpho	img_2	pred_10.png	86093.0	0.0	351.0	26125.0	70.0	143.0	227.0	55.0	0.0		5	1
hole	NeuroMorpho	img_2	pred_11.png	86068.0	0.0	376.0	26112.0	75.0	156.0	227.0	60.0	0.0		16	1
hole	NeuroMorpho	img_2	pred_12.png	86043.0	0.0	401.0	26098.0	80.0	170.0	227.0	65.0	0.0		17	1
hole	NeuroMorpho	img_2	pred_13.png	86018.0	0.0	426.0	26085.0	85.0	183.0	227.0	70.0	0.0		8	1
hole	NeuroMorpho	img_2	pred_14.png	85993.0	0.0	451.0	26079.0	90.0	189.0	227.0	75.0	0.0		12	1
hole	NeuroMorpho	img_2	pred_15.png	85960.0	0.0	484.0	26064.0	97.0	204.0	227.0	80.0	0.0		1	1
hole	NeuroMorpho	img_2	pred_16.png	85935.0	0.0	509.0	26053.0	102.0	215.0	227.0	85.0	0.0		3	1
hole	NeuroMorpho	img_2	pred_17.png	85910.0	0.0	534.0	26045.0	107.0	223.0	227.0	90.0	0.0		18	1
hole	NeuroMorpho	img_2	pred_18.png	85885.0	0.0	559.0	26032.0	112.0	236.0	227.0	95.0	0.0		4	1
hole	NeuroMorpho	img_2	pred_19.png	85860.0	0.0	584.0	26024.0	117.0	244.0	227.0	100.0	0.0		15	1
hole	NeuroMorpho	img_1	gt.png	67749.0	0.0	0.0	21776.0	0.0	0.0	131.0	0.0	0.0		0	1
hole	NeuroMorpho	img_1	pred_0.png	67739.0	0.0	10.0	21772.0	2.0	4.0	131.0	2.0	0.0		2	1
hole	NeuroMorpho	img_1	pred_1.png	67729.0	0.0	20.0	21766.0	4.0	10.0	131.0	4.0	0.0		11	1
hole	NeuroMorpho	img_1	pred_2.png	67724.0	0.0	25.0	21764.0	5.0	12.0	131.0	5.0	0.0		6	1
hole	NeuroMorpho	img_1	pred_3.png	67710.0	0.0	39.0	21760.0	8.0	16.0	131.0	7.0	0.0		13	1
hole	NeuroMorpho	img_1	pred_4.png	67705.0	0.0	44.0	21758.0	9.0	18.0	131.0	8.0	0.0		7	1
hole	NeuroMorpho	img_1	pred_5.png	67691.0	0.0	58.0	21753.0	12.0	23.0	131.0	10.0	0.0		14	1
hole	NeuroMorpho	img_1	pred_6.png	67686.0	0.0	63.0	21751.0	13.0	25.0	131.0	11.0	0.0		9	1
hole	NeuroMorpho	img_1	pred_7.png	67676.0	0.0	73.0	21748.0	15.0	28.0	131.0	13.0	0.0		10	1
hole	NeuroMorpho	img_1	pred_8.png	67671.0	0.0	78.0	21747.0	16.0	29.0	131.0	14.0	0.0		19	1
hole	NeuroMorpho	img_1	pred_9.png	67666.0	0.0	83.0	21744.0	17.0	32.0	131.0	15.0	0.0		20	1
hole	NeuroMorpho	img_1	pred_10.png	67656.0	0.0	93.0	21739.0	19.0	37.0	131.0	17.0	0.0		5	1
hole	NeuroMorpho	img_1	pred_11.png	67651.0	0.0	98.0	21737.0	20.0	39.0	131.0	18.0	0.0		16	1
hole	NeuroMorpho	img_1	pred_12.png	67641.0	0.0	108.0	21732.0	22.0	44.0	131.0	20.0	0.0		17	1
hole	NeuroMorpho	img_1	pred_13.png	67636.0	0.0	113.0	21729.0	23.0	47.0	131.0	21.0	0.0		8	1
hole	NeuroMorpho	img_1	pred_14.png	67626.0	0.0	123.0	21724.0	25.0	52.0	131.0	23.0	0.0		12	1
hole	NeuroMorpho	img_1	pred_15.png	67621.0	0.0	128.0	21722.0	26.0	54.0	131.0	24.0	0.0		1	1
hole	NeuroMorpho	img_1	pred_16.png	67611.0	0.0	138.0	21716.0	28.0	60.0	131.0	26.0	0.0		3	1
hole	NeuroMorpho	img_1	pred_17.png	67606.0	0.0	143.0	21712.0	29.0	64.0	131.0	27.0	0.0		18	1
hole	NeuroMorpho	img_1	pred_18.png	67596.0	0.0	153.0	21707.0	31.0	69.0	131.0	29.0	0.0		4	1
hole	NeuroMorpho	img_1	pred_19.png	67587.0	0.0	162.0	21702.0	33.0	74.0	131.0	30.0	0.0		15	1
missing_branch	Roads	img_0	gt.png	148257.0	0.0	0.0	21040.0	0.0	0.0	311.0	0.0	0.0		0	1
missing_branch	Roads	img_0	pred_0.png	146447.0	0.0	1810.0	20776.0	0.0	264.0	303.0	0.0	8.0		2	1
missing_branch	Roads	img_0	pred_1.png	144659.0	0.0	3598.0	20480.0	0.0	560.0	297.0	0.0	14.0		11	1
missing_branch	Roads	img_0	pred_2.png	143067.0	0.0	5190.0	20244.0	0.0	796.0	293.0	0.0	18.0		6	1
missing_branch	Roads	img_0	pred_3.png	142403.0	0.0	5854.0	20164.0	0.0	876.0	287.0	0.0	24.0		13	1
missing_branch	Roads	img_0	pred_4.png	141294.0	0.0	6963.0	20019.0	0.0	1021.0	284.0	0.0	27.0		7	1
missing_branch	Roads	img_0	pred_5.png	139890.0	0.0	8367.0	19801.0	0.0	1239.0	280.0	0.0	31.0		14	1
missing_branch	Roads	img_0	pred_6.png	138703.0	0.0	9554.0	19654.0	0.0	1386.0	274.0	0.0	37.0		9	1
missing_branch	Roads	img_0	pred_7.png	135638.0	0.0	12619.0	19255.0	0.0	1785.0	269.0	0.0	42.0		10	1
missing_branch	Roads	img_0	pred_8.png	134711.0	0.0	13546.0	19130.0	0.0	1910.0	263.0	0.0	48.0		19	1
missing_branch	Roads	img_0	pred_9.png	132760.0	0.0	15497.0	18890.0	0.0	2150.0	257.0	0.0	54.0		20	1
missing_branch	Roads	img_0	pred_10.png	131724.0	0.0	16533.0	18763.0	0.0	2277.0	252.0	0.0	59.0		5	1
missing_branch	Roads	img_0	pred_11.png	128964.0	0.0	19293.0	18399.0	0.0	2641.0	246.0	0.0	65.0		16	1
missing_branch	Roads	img_0	pred_12.png	127171.0	0.0	21086.0	18106.0	0.0	2934.0	240.0	0.0	71.0		17	1
missing_branch	Roads	img_0	pred_13.png	124308.0	0.0	23949.0	17694.0	0.0	3346.0	234.0	0.0	77.0		8	1
missing_branch	Roads	img_0	pred_14.png	122566.0	0.0	25691.0	17465.0	0.0	3575.0	228.0	0.0	83.0		12	1
missing_branch	Roads	img_0	pred_15.png	121288.0	0.0	26969.0	17291.0	0.0	3749.0	225.0	0.0	86.0		1	1
missing_branch	Roads	img_0	pred_16.png	119857.0	0.0	28400.0	17088.0	0.0	3952.0	220.0	0.0	91.0		3	1
missing_branch	Roads	img_0	pred_17.png	118460.0	0.0	29797.0	16920.0	0.0	4120.0	214.0	0.0	97.0		18	1
missing_branch	Roads	img_0	pred_18.png	115493.0	0.0	32764.0	16544.0	0.0	4496.0	209.0	0.0	102.0		4	1
missing_branch	Roads	img_0	pred_19.png	113572.0	0.0	34685.0	16246.0	0.0	4794.0	203.0	0.0	108.0		15	1
missing_branch	Roads	img_2	gt.png	206563.0	0.0	0.0	31942.0	0.0	0.0	345.0	0.0	0.0		0	1
missing_branch	Roads	img_2	pred_0.png	200442.0	0.0	6121.0	31003.0	0.0	939.0	335.0	0.0	10.0		2	1
missing_branch	Roads	img_2	pred_1.png	198243.0	0.0	8320.0	30651.0	0.0	1291.0	329.0	0.0	16.0		11	1
missing_branch	Roads	img_2	pred_2.png	197123.0	0.0	9440.0	30480.0	0.0	1462.0	321.0	0.0	24.0		6	1
missing_branch	Roads	img_2	pred_3.png	189002.0	0.0	17561.0	29320.0	0.0	2622.0	314.0	0.0	31.0		13	1
missing_branch	Roads	img_2	pred_4.png	187152.0	0.0	19411.0	29047.0	0.0	2895.0	308.0	0.0	37.0		7	1
missing_branch	Roads	img_2	pred_5.png	184958.0	0.0	21605.0	28719.0	0.0	3223.0	300.0	0.0	45.0		14	1
missing_branch	Roads	img_2	pred_6.png	184090.0	0.0	22473.0	28585.0	0.0	3357.0	293.0	0.0	52.0		9	1
missing_branch	Roads	img_2	pred_7.png	183072.0	0.0	23491.0	28435.0	0.0	3507.0	286.0	0.0	59.0		10	1
missing_branch	Roads	img_2	pred_8.png	178496.0	0.0	28067.0	27758.0	0.0	4184.0	280.0	0.0	65.0		19	1
missing_branch	Roads	img_2	pred_9.png	173707.0	0.0	32856.0	27070.0	0.0	4872.0	273.0	0.0	72.0		20	1
missing_branch	Roads	img_2	pred_10.png	168790.0	0.0	37773.0	26304.0	0.0	5638.0	265.0	0.0	80.0		5	1
missing_branch	Roads	img_2	pred_11.png	165683.0	0.0	40880.0	25847.0	0.0	6095.0	260.0	0.0	85.0		16	1
missing_branch	Roads	img_2	pred_12.png	162255.0	0.0	44308.0	25344.0	0.0	6598.0	252.0	0.0	93.0		17	1
missing_branch	Roads	img_2	pred_13.png	160370.0	0.0	46193.0	25055.0	0.0	6887.0	244.0	0.0	101.0		8	1
missing_branch	Roads	img_2	pred_14.png	153540.0	0.0	53023.0	23983.0	0.0	7959.0	236.0	0.0	109.0		12	1
missing_branch	Roads	img_2	pred_15.png	151606.0	0.0	54957.0	23680.0	0.0	8262.0	231.0	0.0	114.0		1	1
missing_branch	Roads	img_2	pred_16.png	145698.0	0.0	60865.0	22784.0	0.0	9158.0	223.0	0.0	122.0		3	1
missing_branch	Roads	img_2	pred_17.png	141448.0	0.0	65115.0	22193.0	0.0	9749.0	216.0	0.0	129.0		18	1
missing_branch	Roads	img_2	pred_18.png	140408.0	0.0	66155.0	22025.0	0.0	9917.0	211.0	0.0	134.0		4	1
missing_branch	Roads	img_2	pred_19.png	138098.0	0.0	68465.0	21632.0	0.0	10310.0	203.0	0.0	142.0		15	1
missing_branch	Roads	img_1	gt.png	190626.0	0.0	0.0	26311.0	0.0	0.0	513.0	0.0	0.0		0	1
missing_branch	Roads	img_1	pred_0.png	187353.0	0.0	3273.0	25858.0	0.0	453.0	506.0	0.0	7.0		2	1
missing_branch	Roads	img_1	pred_1.png	184917.0	0.0	5709.0	25530.0	0.0	781.0	502.0	0.0	11.0		11	1
missing_branch	Roads	img_1	pred_2.png	183185.0	0.0	7441.0	25315.0	0.0	996.0	496.0	0.0	17.0		6	1
missing_branch	Roads	img_1	pred_3.png	178854.0	0.0	11772.0	24713.0	0.0	1598.0	491.0	0.0	22.0		13	1
missing_branch	Roads	img_1	pred_4.png	176818.0	0.0	13808.0	24447.0	0.0	1864.0	487.0	0.0	26.0		7	1
missing_branch	Roads	img_1	pred_5.png	175262.0	0.0	15364.0	24260.0	0.0	2051.0	481.0	0.0	32.0		14	1
missing_branch	Roads	img_1	pred_6.png	172284.0	0.0	18342.0	23881.0	0.0	2430.0	477.0	0.0	36.0		9	1
missing_branch	Roads	img_1	pred_7.png	171058.0	0.0	19568.0	23729.0	0.0	2582.0	473.0	0.0	40.0		10	1
missing_branch	Roads	img_1	pred_8.png	168918.0	0.0	21708.0	23447.0	0.0	2864.0	467.0	0.0	46.0		19	1
missing_branch	Roads	img_1	pred_9.png	168327.0	0.0	22299.0	23358.0	0.0	2953.0	463.0	0.0	50.0		20	1
missing_branch	Roads	img_1	pred_10.png	164334.0	0.0	26292.0	22824.0	0.0	3487.0	457.0	0.0	56.0		5	1
missing_branch	Roads	img_1	pred_11.png	162154.0	0.0	28472.0	22492.0	0.0	3819.0	453.0	0.0	60.0		16	1
missing_branch	Roads	img_1	pred_12.png	161745.0	0.0	28881.0	22445.0	0.0	3866.0	450.0	0.0	63.0		17	1
missing_branch	Roads	img_1	pred_13.png	160288.0	0.0	30338.0	22277.0	0.0	4034.0	444.0	0.0	69.0		8	1
missing_branch	Roads	img_1	pred_14.png	158627.0	0.0	31999.0	22012.0	0.0	4299.0	438.0	0.0	75.0		12	1
missing_branch	Roads	img_1	pred_15.png	156769.0	0.0	33857.0	21729.0	0.0	4582.0	434.0	0.0	79.0		1	1
missing_branch	Roads	img_1	pred_16.png	154447.0	0.0	36179.0	21442.0	0.0	4869.0	429.0	0.0	84.0		3	1
missing_branch	Roads	img_1	pred_17.png	152101.0	0.0	38525.0	21117.0	0.0	5194.0	423.0	0.0	90.0		18	1
missing_branch	Roads	img_1	pred_18.png	149969.0	0.0	40657.0	20866.0	0.0	5445.0	420.0	0.0	93.0		4	1
missing_branch	Roads	img_1	pred_19.png	148622.0	0.0	42004.0	20691.0	0.0	5620.0	414.0	0.0	99.0		15	1
missing_branch	Colon_cells	img_0	gt.png	11002.0	0.0	0.0	608.0	0.0	0.0	149.0	0.0	0.0		0	1
missing_branch	Colon_cells	img_2	gt.png	22641.0	0.0	0.0	1257.0	0.0	0.0	240.0	0.0	0.0		0	1
missing_branch	Colon_cells	img_1	gt.png	23563.0	0.0	0.0	1374.0	0.0	0.0	286.0	0.0	0.0		0	1
missing_branch	Colon_cells	img_1	pred_0.png	23454.0	0.0	109.0	1367.0	0.0	7.0	284.0	0.0	2.0		1	1
missing_branch	Colon_cells	img_1	pred_1.png	23354.0	0.0	209.0	1356.0	0.0	18.0	283.0	0.0	3.0		6	1
missing_branch	Colon_cells	img_1	pred_2.png	23177.0	0.0	386.0	1330.0	0.0	44.0	280.0	0.0	6.0		2	1
missing_branch	Colon_cells	img_1	pred_3.png	23168.0	0.0	395.0	1327.0	0.0	47.0	280.0	0.0	6.0		7	1
missing_branch	Colon_cells	img_1	pred_4.png	23094.0	0.0	469.0	1322.0	0.0	52.0	278.0	0.0	8.0		3	1
missing_branch	Colon_cells	img_1	pred_5.png	23034.0	0.0	529.0	1317.0	0.0	57.0	276.0	0.0	10.0		8	1
missing_branch	Colon_cells	img_1	pred_6.png	22936.0	0.0	627.0	1308.0	0.0	66.0	276.0	0.0	10.0		4	1
missing_branch	Colon_cells	img_1	pred_7.png	22797.0	0.0	766.0	1297.0	0.0	77.0	274.0	0.0	12.0		5	1
missing_branch	Colon_cells	img_1	pred_8.png	22636.0	0.0	927.0	1282.0	0.0	92.0	274.0	0.0	12.0		9	1
missing_branch	Colon_cells	img_1	pred_9.png	22436.0	0.0	1127.0	1267.0	0.0	107.0	274.0	0.0	12.0		10	1
missing_branch	CREMI	img_0	gt.png	25478.0	0.0	0.0	8960.0	0.0	0.0	1044.0	0.0	0.0		0	1
missing_branch	CREMI	img_0	pred_0.png	25415.0	0.0	63.0	8940.0	0.0	20.0	1038.0	0.0	6.0		2	1
missing_branch	CREMI	img_0	pred_1.png	25306.0	0.0	172.0	8906.0	0.0	54.0	1034.0	0.0	10.0		11	1
missing_branch	CREMI	img_0	pred_2.png	25247.0	0.0	231.0	8887.0	0.0	73.0	1030.0	0.0	14.0		6	1
missing_branch	CREMI	img_0	pred_3.png	25207.0	0.0	271.0	8873.0	0.0	87.0	1024.0	0.0	20.0		13	1
missing_branch	CREMI	img_0	pred_4.png	25105.0	0.0	373.0	8840.0	0.0	120.0	1020.0	0.0	24.0		7	1
missing_branch	CREMI	img_0	pred_5.png	25071.0	0.0	407.0	8832.0	0.0	128.0	1016.0	0.0	28.0		14	1
missing_branch	CREMI	img_0	pred_6.png	24980.0	0.0	498.0	8800.0	0.0	160.0	1014.0	0.0	30.0		9	1
missing_branch	CREMI	img_0	pred_7.png	24927.0	0.0	551.0	8787.0	0.0	173.0	1008.0	0.0	36.0		10	1
missing_branch	CREMI	img_0	pred_8.png	24794.0	0.0	684.0	8743.0	0.0	217.0	1001.0	0.0	43.0		19	1
missing_branch	CREMI	img_0	pred_9.png	24678.0	0.0	800.0	8708.0	0.0	252.0	997.0	0.0	47.0		20	1
missing_branch	CREMI	img_0	pred_10.png	24587.0	0.0	891.0	8680.0	0.0	280.0	991.0	0.0	53.0		5	1
missing_branch	CREMI	img_0	pred_11.png	24430.0	0.0	1048.0	8628.0	0.0	332.0	987.0	0.0	57.0		16	1
missing_branch	CREMI	img_0	pred_12.png	24373.0	0.0	1105.0	8609.0	0.0	351.0	981.0	0.0	63.0		17	1
missing_branch	CREMI	img_0	pred_13.png	24315.0	0.0	1163.0	8588.0	0.0	372.0	977.0	0.0	67.0		8	1
missing_branch	CREMI	img_0	pred_14.png	24282.0	0.0	1196.0	8577.0	0.0	383.0	971.0	0.0	73.0		12	1
missing_branch	CREMI	img_0	pred_15.png	24230.0	0.0	1248.0	8558.0	0.0	402.0	967.0	0.0	77.0		1	1
missing_branch	CREMI	img_0	pred_16.png	24098.0	0.0	1380.0	8513.0	0.0	447.0	961.0	0.0	83.0		3	1
missing_branch	CREMI	img_0	pred_17.png	23977.0	0.0	1501.0	8473.0	0.0	487.0	957.0	0.0	87.0		18	1
missing_branch	CREMI	img_0	pred_18.png	23916.0	0.0	1562.0	8456.0	0.0	504.0	953.0	0.0	91.0		4	1
missing_branch	CREMI	img_0	pred_19.png	23873.0	0.0	1605.0	8440.0	0.0	520.0	949.0	0.0	95.0		15	1
missing_branch	CREMI	img_2	gt.png	25641.0	0.0	0.0	9016.0	0.0	0.0	1060.0	0.0	0.0		0	1
missing_branch	CREMI	img_2	pred_0.png	25604.0	0.0	37.0	9006.0	0.0	10.0	1054.0	0.0	6.0		2	1
missing_branch	CREMI	img_2	pred_1.png	25511.0	0.0	130.0	8977.0	0.0	39.0	1048.0	0.0	12.0		11	1
missing_branch	CREMI	img_2	pred_2.png	25411.0	0.0	230.0	8945.0	0.0	71.0	1044.0	0.0	16.0		6	1
missing_branch	CREMI	img_2	pred_3.png	25338.0	0.0	303.0	8920.0	0.0	96.0	1041.0	0.0	19.0		13	1
missing_branch	CREMI	img_2	pred_4.png	25277.0	0.0	364.0	8895.0	0.0	121.0	1032.0	0.0	28.0		7	1
missing_branch	CREMI	img_2	pred_5.png	25271.0	0.0	370.0	8892.0	0.0	124.0	1028.0	0.0	32.0		14	1
missing_branch	CREMI	img_2	pred_6.png	25131.0	0.0	510.0	8848.0	0.0	168.0	1021.0	0.0	39.0		9	1
missing_branch	CREMI	img_2	pred_7.png	25063.0	0.0	578.0	8826.0	0.0	190.0	1015.0	0.0	45.0		10	1
missing_branch	CREMI	img_2	pred_8.png	25038.0	0.0	603.0	8818.0	0.0	198.0	1010.0	0.0	50.0		19	1
missing_branch	CREMI	img_2	pred_9.png	24886.0	0.0	755.0	8774.0	0.0	242.0	1004.0	0.0	56.0		20	1
missing_branch	CREMI	img_2	pred_10.png	24748.0	0.0	893.0	8725.0	0.0	291.0	1000.0	0.0	60.0		5	1
missing_branch	CREMI	img_2	pred_11.png	24545.0	0.0	1096.0	8660.0	0.0	356.0	994.0	0.0	66.0		16	1
missing_branch	CREMI	img_2	pred_12.png	24482.0	0.0	1159.0	8638.0	0.0	378.0	988.0	0.0	72.0		17	1
missing_branch	CREMI	img_2	pred_13.png	24463.0	0.0	1178.0	8630.0	0.0	386.0	984.0	0.0	76.0		8	1
missing_branch	CREMI	img_2	pred_14.png	24305.0	0.0	1336.0	8578.0	0.0	438.0	979.0	0.0	81.0		12	1
missing_branch	CREMI	img_2	pred_15.png	24098.0	0.0	1543.0	8512.0	0.0	504.0	971.0	0.0	89.0		1	1
missing_branch	CREMI	img_2	pred_16.png	24017.0	0.0	1624.0	8483.0	0.0	533.0	965.0	0.0	95.0		3	1
missing_branch	CREMI	img_2	pred_17.png	23875.0	0.0	1766.0	8436.0	0.0	580.0	959.0	0.0	101.0		18	1
missing_branch	CREMI	img_2	pred_18.png	23811.0	0.0	1830.0	8415.0	0.0	601.0	955.0	0.0	105.0		4	1
missing_branch	CREMI	img_2	pred_19.png	23718.0	0.0	1923.0	8390.0	0.0	626.0	951.0	0.0	109.0		15	1
missing_branch	CREMI	img_1	gt.png	25520.0	0.0	0.0	8892.0	0.0	0.0	959.0	0.0	0.0		0	1
missing_branch	CREMI	img_1	pred_0.png	25482.0	0.0	38.0	8884.0	0.0	8.0	951.0	0.0	8.0		2	1
missing_branch	CREMI	img_1	pred_1.png	25373.0	0.0	147.0	8856.0	0.0	36.0	942.0	0.0	17.0		11	1
missing_branch	CREMI	img_1	pred_2.png	25241.0	0.0	279.0	8812.0	0.0	80.0	936.0	0.0	23.0		6	1
missing_branch	CREMI	img_1	pred_3.png	25035.0	0.0	485.0	8745.0	0.0	147.0	929.0	0.0	30.0		13	1
missing_branch	CREMI	img_1	pred_4.png	24926.0	0.0	594.0	8710.0	0.0	182.0	923.0	0.0	36.0		7	1
missing_branch	CREMI	img_1	pred_5.png	24878.0	0.0	642.0	8695.0	0.0	197.0	920.0	0.0	39.0		14	1
missing_branch	CREMI	img_1	pred_6.png	24721.0	0.0	799.0	8643.0	0.0	249.0	914.0	0.0	45.0		9	1
missing_branch	CREMI	img_1	pred_7.png	24598.0	0.0	922.0	8599.0	0.0	293.0	905.0	0.0	54.0		10	1
missing_branch	CREMI	img_1	pred_8.png	24563.0	0.0	957.0	8590.0	0.0	302.0	900.0	0.0	59.0		19	1
missing_branch	CREMI	img_1	pred_9.png	24493.0	0.0	1027.0	8572.0	0.0	320.0	893.0	0.0	66.0		20	1
missing_branch	CREMI	img_1	pred_10.png	24282.0	0.0	1238.0	8501.0	0.0	391.0	884.0	0.0	75.0		5	1
missing_branch	CREMI	img_1	pred_11.png	24133.0	0.0	1387.0	8456.0	0.0	436.0	879.0	0.0	80.0		16	1
missing_branch	CREMI	img_1	pred_12.png	23939.0	0.0	1581.0	8391.0	0.0	501.0	870.0	0.0	89.0		17	1
missing_branch	CREMI	img_1	pred_13.png	23829.0	0.0	1691.0	8356.0	0.0	536.0	864.0	0.0	95.0		8	1
missing_branch	CREMI	img_1	pred_14.png	23733.0	0.0	1787.0	8324.0	0.0	568.0	858.0	0.0	101.0		12	1
missing_branch	CREMI	img_1	pred_15.png	23670.0	0.0	1850.0	8299.0	0.0	593.0	852.0	0.0	107.0		1	1
missing_branch	CREMI	img_1	pred_16.png	23539.0	0.0	1981.0	8256.0	0.0	636.0	844.0	0.0	115.0		3	1
missing_branch	CREMI	img_1	pred_17.png	23432.0	0.0	2088.0	8222.0	0.0	670.0	838.0	0.0	121.0		18	1
missing_branch	CREMI	img_1	pred_18.png	23380.0	0.0	2140.0	8204.0	0.0	688.0	832.0	0.0	127.0		4	1
missing_branch	CREMI	img_1	pred_19.png	23335.0	0.0	2185.0	8197.0	0.0	695.0	830.0	0.0	129.0		15	1
missing_branch	LES-AV	img_0	gt.png	158725.0	0.0	0.0	16428.0	0.0	0.0	154.0	0.0	0.0		0	1
missing_branch	LES-AV	img_0	pred_0.png	157413.0	0.0	1312.0	16190.0	0.0	238.0	148.0	0.0	6.0		2	1
missing_branch	LES-AV	img_0	pred_1.png	155219.0	0.0	3506.0	15728.0	0.0	700.0	142.0	0.0	12.0		11	1
missing_branch	LES-AV	img_0	pred_2.png	150981.0	0.0	7744.0	15042.0	0.0	1386.0	138.0	0.0	16.0		6	1
missing_branch	LES-AV	img_0	pred_3.png	148604.0	0.0	10121.0	14641.0	0.0	1787.0	134.0	0.0	20.0		13	1
missing_branch	LES-AV	img_0	pred_4.png	145804.0	0.0	12921.0	14300.0	0.0	2128.0	129.0	0.0	25.0		7	1
missing_branch	LES-AV	img_0	pred_5.png	144112.0	0.0	14613.0	14175.0	0.0	2253.0	125.0	0.0	29.0		14	1
missing_branch	LES-AV	img_0	pred_6.png	142289.0	0.0	16436.0	13915.0	0.0	2513.0	123.0	0.0	31.0		9	1
missing_branch	LES-AV	img_0	pred_7.png	139016.0	0.0	19709.0	13605.0	0.0	2823.0	119.0	0.0	35.0		10	1
missing_branch	LES-AV	img_0	pred_8.png	137141.0	0.0	21584.0	13362.0	0.0	3066.0	113.0	0.0	41.0		19	1
missing_branch	LES-AV	img_0	pred_9.png	136058.0	0.0	22667.0	13103.0	0.0	3325.0	109.0	0.0	45.0		20	1
missing_branch	LES-AV	img_0	pred_10.png	135367.0	0.0	23358.0	12965.0	0.0	3463.0	105.0	0.0	49.0		5	1
missing_branch	LES-AV	img_0	pred_11.png	127584.0	0.0	31141.0	11938.0	0.0	4490.0	99.0	0.0	55.0		16	1
missing_branch	LES-AV	img_0	pred_12.png	125554.0	0.0	33171.0	11578.0	0.0	4850.0	95.0	0.0	59.0		17	1
missing_branch	LES-AV	img_0	pred_13.png	120953.0	0.0	37772.0	10853.0	0.0	5575.0	92.0	0.0	62.0		8	1
missing_branch	LES-AV	img_0	pred_14.png	117697.0	0.0	41028.0	10240.0	0.0	6188.0	88.0	0.0	66.0		12	1
missing_branch	LES-AV	img_0	pred_15.png	110444.0	0.0	48281.0	9005.0	0.0	7423.0	82.0	0.0	72.0		1	1
missing_branch	LES-AV	img_0	pred_16.png	104426.0	0.0	54299.0	8397.0	0.0	8031.0	78.0	0.0	76.0		3	1
missing_branch	LES-AV	img_0	pred_17.png	102007.0	0.0	56718.0	8050.0	0.0	8378.0	74.0	0.0	80.0		18	1
missing_branch	LES-AV	img_0	pred_18.png	92715.0	0.0	66010.0	7384.0	0.0	9044.0	70.0	0.0	84.0		4	1
missing_branch	LES-AV	img_0	pred_19.png	87992.0	0.0	70733.0	6960.0	0.0	9468.0	67.0	0.0	87.0		15	1
missing_branch	LES-AV	img_2	gt.png	224228.0	0.0	0.0	18647.0	0.0	0.0	179.0	0.0	0.0		0	1
missing_branch	LES-AV	img_2	pred_0.png	219585.0	0.0	4643.0	18174.0	0.0	473.0	171.0	0.0	8.0		2	1
missing_branch	LES-AV	img_2	pred_1.png	218028.0	0.0	6200.0	17904.0	0.0	743.0	167.0	0.0	12.0		11	1
missing_branch	LES-AV	img_2	pred_2.png	212074.0	0.0	12154.0	17206.0	0.0	1441.0	161.0	0.0	18.0		6	1
missing_branch	LES-AV	img_2	pred_3.png	210730.0	0.0	13498.0	17009.0	0.0	1638.0	157.0	0.0	22.0		13	1
missing_branch	LES-AV	img_2	pred_4.png	206537.0	0.0	17691.0	16559.0	0.0	2088.0	151.0	0.0	28.0		7	1
missing_branch	LES-AV	img_2	pred_5.png	204371.0	0.0	19857.0	16414.0	0.0	2233.0	147.0	0.0	32.0		14	1
missing_branch	LES-AV	img_2	pred_6.png	202670.0	0.0	21558.0	16254.0	0.0	2393.0	143.0	0.0	36.0		9	1
missing_branch	LES-AV	img_2	pred_7.png	189106.0	0.0	35122.0	15513.0	0.0	3134.0	138.0	0.0	41.0		10	1
missing_branch	LES-AV	img_2	pred_8.png	188115.0	0.0	36113.0	15405.0	0.0	3242.0	134.0	0.0	45.0		19	1
missing_branch	LES-AV	img_2	pred_9.png	185742.0	0.0	38486.0	15198.0	0.0	3449.0	128.0	0.0	51.0		20	1
missing_branch	LES-AV	img_2	pred_10.png	181980.0	0.0	42248.0	14869.0	0.0	3778.0	122.0	0.0	57.0		5	1
missing_branch	LES-AV	img_2	pred_11.png	180233.0	0.0	43995.0	14564.0	0.0	4083.0	119.0	0.0	60.0		16	1
missing_branch	LES-AV	img_2	pred_12.png	174511.0	0.0	49717.0	13890.0	0.0	4757.0	113.0	0.0	66.0		17	1
missing_branch	LES-AV	img_2	pred_13.png	172360.0	0.0	51868.0	13546.0	0.0	5101.0	109.0	0.0	70.0		8	1
missing_branch	LES-AV	img_2	pred_14.png	171436.0	0.0	52792.0	13384.0	0.0	5263.0	105.0	0.0	74.0		12	1
missing_branch	LES-AV	img_2	pred_15.png	165795.0	0.0	58433.0	12692.0	0.0	5955.0	101.0	0.0	78.0		1	1
missing_branch	LES-AV	img_2	pred_16.png	164991.0	0.0	59237.0	12556.0	0.0	6091.0	97.0	0.0	82.0		3	1
missing_branch	LES-AV	img_2	pred_17.png	159435.0	0.0	64793.0	11760.0	0.0	6887.0	91.0	0.0	88.0		18	1
missing_branch	LES-AV	img_2	pred_18.png	154965.0	0.0	69263.0	11387.0	0.0	7260.0	87.0	0.0	92.0		4	1
missing_branch	LES-AV	img_2	pred_19.png	148255.0	0.0	75973.0	10766.0	0.0	7881.0	80.0	0.0	99.0		15	1
missing_branch	LES-AV	img_1	gt.png	209704.0	0.0	0.0	20096.0	0.0	0.0	204.0	0.0	0.0		0	1
missing_branch	LES-AV	img_1	pred_0.png	206730.0	0.0	2974.0	19757.0	0.0	339.0	191.0	0.0	13.0		2	1
missing_branch	LES-AV	img_1	pred_1.png	205345.0	0.0	4359.0	19463.0	0.0	633.0	184.0	0.0	20.0		11	1
missing_branch	LES-AV	img_1	pred_2.png	203825.0	0.0	5879.0	19164.0	0.0	932.0	178.0	0.0	26.0		6	1
missing_branch	LES-AV	img_1	pred_3.png	200658.0	0.0	9046.0	18614.0	0.0	1482.0	170.0	0.0	34.0		13	1
missing_branch	LES-AV	img_1	pred_4.png	195528.0	0.0	14176.0	18114.0	0.0	1982.0	162.0	0.0	42.0		7	1
missing_branch	LES-AV	img_1	pred_5.png	192281.0	0.0	17423.0	17673.0	0.0	2423.0	158.0	0.0	46.0		14	1
missing_branch	LES-AV	img_1	pred_6.png	188834.0	0.0	20870.0	17410.0	0.0	2686.0	152.0	0.0	52.0		9	1
missing_branch	LES-AV	img_1	pred_7.png	182717.0	0.0	26987.0	16831.0	0.0	3265.0	144.0	0.0	60.0		10	1
missing_branch	LES-AV	img_1	pred_8.png	172813.0	0.0	36891.0	15843.0	0.0	4253.0	136.0	0.0	68.0		19	1
missing_branch	LES-AV	img_1	pred_9.png	167236.0	0.0	42468.0	15118.0	0.0	4978.0	130.0	0.0	74.0		20	1
missing_branch	LES-AV	img_1	pred_10.png	164170.0	0.0	45534.0	14768.0	0.0	5328.0	124.0	0.0	80.0		5	1
missing_branch	LES-AV	img_1	pred_11.png	161502.0	0.0	48202.0	14395.0	0.0	5701.0	119.0	0.0	85.0		16	1
missing_branch	LES-AV	img_1	pred_12.png	151448.0	0.0	58256.0	13174.0	0.0	6922.0	111.0	0.0	93.0		17	1
missing_branch	LES-AV	img_1	pred_13.png	146928.0	0.0	62776.0	12649.0	0.0	7447.0	105.0	0.0	99.0		8	1
missing_branch	LES-AV	img_1	pred_14.png	143074.0	0.0	66630.0	12096.0	0.0	8000.0	99.0	0.0	105.0		12	1
missing_branch	LES-AV	img_1	pred_15.png	135795.0	0.0	73909.0	11275.0	0.0	8821.0	90.0	0.0	114.0		1	1
missing_branch	LES-AV	img_1	pred_16.png	131441.0	0.0	78263.0	10536.0	0.0	9560.0	82.0	0.0	122.0		3	1
missing_branch	LES-AV	img_1	pred_17.png	128016.0	0.0	81688.0	10270.0	0.0	9826.0	76.0	0.0	128.0		18	1
missing_branch	LES-AV	img_1	pred_18.png	121627.0	0.0	88077.0	9816.0	0.0	10280.0	70.0	0.0	134.0		4	1
missing_branch	LES-AV	img_1	pred_19.png	116360.0	0.0	93344.0	9375.0	0.0	10721.0	63.0	0.0	141.0		15	1
missing_branch	Minivess	img_0	gt.png	63267.0	0.0	0.0	3009.0	0.0	0.0	64.0	0.0	0.0		0	1
missing_branch	Minivess	img_0	pred_0.png	58850.0	0.0	4417.0	2967.0	0.0	42.0	62.0	0.0	2.0		2	1
missing_branch	Minivess	img_0	pred_1.png	58268.0	0.0	4999.0	2934.0	0.0	75.0	60.0	0.0	4.0		11	1
missing_branch	Minivess	img_0	pred_2.png	41244.0	0.0	22023.0	2487.0	0.0	522.0	58.0	0.0	6.0		6	1
missing_branch	Minivess	img_0	pred_3.png	38488.0	0.0	24779.0	2412.0	0.0	597.0	56.0	0.0	8.0		13	1
missing_branch	Minivess	img_0	pred_4.png	38460.0	0.0	24807.0	2408.0	0.0	601.0	54.0	0.0	10.0		7	1
missing_branch	Minivess	img_0	pred_5.png	38423.0	0.0	24844.0	2401.0	0.0	608.0	52.0	0.0	12.0		14	1
missing_branch	Minivess	img_0	pred_6.png	37851.0	0.0	25416.0	2383.0	0.0	626.0	50.0	0.0	14.0		9	1
missing_branch	Minivess	img_0	pred_7.png	36991.0	0.0	26276.0	2311.0	0.0	698.0	48.0	0.0	16.0		10	1
missing_branch	Minivess	img_0	pred_8.png	34237.0	0.0	29030.0	2106.0	0.0	903.0	46.0	0.0	18.0		19	1
missing_branch	Minivess	img_0	pred_9.png	33298.0	0.0	29969.0	2068.0	0.0	941.0	44.0	0.0	20.0		20	1
missing_branch	Minivess	img_0	pred_10.png	21541.0	0.0	41726.0	1681.0	0.0	1328.0	42.0	0.0	22.0		5	1
missing_branch	Minivess	img_0	pred_11.png	20413.0	0.0	42854.0	1601.0	0.0	1408.0	40.0	0.0	24.0		16	1
missing_branch	Minivess	img_0	pred_12.png	20236.0	0.0	43031.0	1559.0	0.0	1450.0	38.0	0.0	26.0		17	1
missing_branch	Minivess	img_0	pred_13.png	19848.0	0.0	43419.0	1524.0	0.0	1485.0	36.0	0.0	28.0		8	1
missing_branch	Minivess	img_0	pred_14.png	19709.0	0.0	43558.0	1504.0	0.0	1505.0	36.0	0.0	28.0		12	1
missing_branch	Minivess	img_0	pred_15.png	18001.0	0.0	45266.0	1455.0	0.0	1554.0	36.0	0.0	28.0		1	1
missing_branch	Minivess	img_0	pred_16.png	17541.0	0.0	45726.0	1409.0	0.0	1600.0	32.0	0.0	32.0		3	1
missing_branch	Minivess	img_0	pred_17.png	16633.0	0.0	46634.0	1328.0	0.0	1681.0	30.0	0.0	34.0		18	1
missing_branch	Minivess	img_0	pred_18.png	16044.0	0.0	47223.0	1282.0	0.0	1727.0	28.0	0.0	36.0		4	1
missing_branch	Minivess	img_0	pred_19.png	6708.0	0.0	56559.0	867.0	0.0	2142.0	27.0	0.0	37.0		15	1
missing_branch	Minivess	img_2	gt.png	44722.0	0.0	0.0	2022.0	0.0	0.0	58.0	0.0	0.0		0	1
missing_branch	Minivess	img_1	gt.png	56469.0	0.0	0.0	2510.0	0.0	0.0	59.0	0.0	0.0		0	1
missing_branch	Minivess	img_1	pred_0.png	56258.0	0.0	211.0	2496.0	0.0	14.0	57.0	0.0	2.0		1	1
missing_branch	Minivess	img_1	pred_1.png	55566.0	0.0	903.0	2440.0	0.0	70.0	55.0	0.0	4.0		8	1
missing_branch	Minivess	img_1	pred_2.png	55392.0	0.0	1077.0	2440.0	0.0	70.0	53.0	0.0	6.0		3	1
missing_branch	Minivess	img_1	pred_3.png	55041.0	0.0	1428.0	2413.0	0.0	97.0	53.0	0.0	6.0		9	1
missing_branch	Minivess	img_1	pred_4.png	54626.0	0.0	1843.0	2404.0	0.0	106.0	53.0	0.0	6.0		4	1
missing_branch	Minivess	img_1	pred_5.png	43217.0	0.0	13252.0	2047.0	0.0	463.0	49.0	0.0	10.0		10	1
missing_branch	Minivess	img_1	pred_6.png	37112.0	0.0	19357.0	1872.0	0.0	638.0	47.0	0.0	12.0		6	1
missing_branch	Minivess	img_1	pred_7.png	32272.0	0.0	24197.0	1702.0	0.0	808.0	45.0	0.0	14.0		7	1
missing_branch	Minivess	img_1	pred_8.png	31687.0	0.0	24782.0	1654.0	0.0	856.0	43.0	0.0	16.0		13	1
missing_branch	Minivess	img_1	pred_9.png	31061.0	0.0	25408.0	1632.0	0.0	878.0	41.0	0.0	18.0		14	1
missing_branch	Minivess	img_1	pred_10.png	30069.0	0.0	26400.0	1581.0	0.0	929.0	39.0	0.0	20.0		2	1
missing_branch	Minivess	img_1	pred_11.png	26605.0	0.0	29864.0	1329.0	0.0	1181.0	37.0	0.0	22.0		11	1
missing_branch	Minivess	img_1	pred_12.png	26137.0	0.0	30332.0	1303.0	0.0	1207.0	35.0	0.0	24.0		12	1
missing_branch	Minivess	img_1	pred_13.png	25047.0	0.0	31422.0	1258.0	0.0	1252.0	35.0	0.0	24.0		5	1
missing_branch	NeuroMorpho	img_0	gt.png	59104.0	0.0	0.0	18614.0	0.0	0.0	1283.0	0.0	0.0		0	1
missing_branch	NeuroMorpho	img_0	pred_0.png	58706.0	0.0	398.0	18492.0	0.0	122.0	1270.0	0.0	13.0		2	1
missing_branch	NeuroMorpho	img_0	pred_1.png	58391.0	0.0	713.0	18390.0	0.0	224.0	1257.0	0.0	26.0		11	1
missing_branch	NeuroMorpho	img_0	pred_2.png	58026.0	0.0	1078.0	18274.0	0.0	340.0	1249.0	0.0	34.0		6	1
missing_branch	NeuroMorpho	img_0	pred_3.png	57694.0	0.0	1410.0	18168.0	0.0	446.0	1236.0	0.0	47.0		13	1
missing_branch	NeuroMorpho	img_0	pred_4.png	57458.0	0.0	1646.0	18095.0	0.0	519.0	1221.0	0.0	62.0		7	1
missing_branch	NeuroMorpho	img_0	pred_5.png	57192.0	0.0	1912.0	18007.0	0.0	607.0	1211.0	0.0	72.0		14	1
missing_branch	NeuroMorpho	img_0	pred_6.png	56905.0	0.0	2199.0	17923.0	0.0	691.0	1198.0	0.0	85.0		9	1
missing_branch	NeuroMorpho	img_0	pred_7.png	56695.0	0.0	2409.0	17859.0	0.0	755.0	1187.0	0.0	96.0		10	1
missing_branch	NeuroMorpho	img_0	pred_8.png	56269.0	0.0	2835.0	17743.0	0.0	871.0	1177.0	0.0	106.0		19	1
missing_branch	NeuroMorpho	img_0	pred_9.png	56004.0	0.0	3100.0	17655.0	0.0	959.0	1164.0	0.0	119.0		20	1
missing_branch	NeuroMorpho	img_0	pred_10.png	55905.0	0.0	3199.0	17625.0	0.0	989.0	1150.0	0.0	133.0		5	1
missing_branch	NeuroMorpho	img_0	pred_11.png	55545.0	0.0	3559.0	17513.0	0.0	1101.0	1137.0	0.0	146.0		16	1
missing_branch	NeuroMorpho	img_0	pred_12.png	55044.0	0.0	4060.0	17357.0	0.0	1257.0	1127.0	0.0	156.0		17	1
missing_branch	NeuroMorpho	img_0	pred_13.png	54556.0	0.0	4548.0	17203.0	0.0	1411.0	1114.0	0.0	169.0		8	1
missing_branch	NeuroMorpho	img_0	pred_14.png	54229.0	0.0	4875.0	17098.0	0.0	1516.0	1101.0	0.0	182.0		12	1
missing_branch	NeuroMorpho	img_0	pred_15.png	54115.0	0.0	4989.0	17072.0	0.0	1542.0	1084.0	0.0	199.0		1	1
missing_branch	NeuroMorpho	img_0	pred_16.png	53882.0	0.0	5222.0	16997.0	0.0	1617.0	1074.0	0.0	209.0		3	1
missing_branch	NeuroMorpho	img_0	pred_17.png	53332.0	0.0	5772.0	16823.0	0.0	1791.0	1065.0	0.0	218.0		18	1
missing_branch	NeuroMorpho	img_0	pred_18.png	53207.0	0.0	5897.0	16784.0	0.0	1830.0	1055.0	0.0	228.0		4	1
missing_branch	NeuroMorpho	img_0	pred_19.png	52904.0	0.0	6200.0	16702.0	0.0	1912.0	1046.0	0.0	237.0		15	1
missing_branch	NeuroMorpho	img_2	gt.png	86444.0	0.0	0.0	26268.0	0.0	0.0	2176.0	0.0	0.0		0	1
missing_branch	NeuroMorpho	img_2	pred_0.png	86036.0	0.0	408.0	26147.0	0.0	121.0	2169.0	0.0	7.0		2	1
missing_branch	NeuroMorpho	img_2	pred_1.png	85720.0	0.0	724.0	26049.0	0.0	219.0	2160.0	0.0	16.0		11	1
missing_branch	NeuroMorpho	img_2	pred_2.png	85499.0	0.0	945.0	25979.0	0.0	289.0	2151.0	0.0	25.0		6	1
missing_branch	NeuroMorpho	img_2	pred_3.png	85268.0	0.0	1176.0	25914.0	0.0	354.0	2142.0	0.0	34.0		13	1
missing_branch	NeuroMorpho	img_2	pred_4.png	85181.0	0.0	1263.0	25887.0	0.0	381.0	2137.0	0.0	39.0		7	1
missing_branch	NeuroMorpho	img_2	pred_5.png	84993.0	0.0	1451.0	25835.0	0.0	433.0	2124.0	0.0	52.0		14	1
missing_branch	NeuroMorpho	img_2	pred_6.png	84420.0	0.0	2024.0	25697.0	0.0	571.0	2115.0	0.0	61.0		9	1
missing_branch	NeuroMorpho	img_2	pred_7.png	83987.0	0.0	2457.0	25570.0	0.0	698.0	2107.0	0.0	69.0		10	1
missing_branch	NeuroMorpho	img_2	pred_8.png	83771.0	0.0	2673.0	25506.0	0.0	762.0	2094.0	0.0	82.0		19	1
missing_branch	NeuroMorpho	img_2	pred_9.png	83375.0	0.0	3069.0	25383.0	0.0	885.0	2082.0	0.0	94.0		20	1
missing_branch	NeuroMorpho	img_2	pred_10.png	82990.0	0.0	3454.0	25263.0	0.0	1005.0	2071.0	0.0	105.0		5	1
missing_branch	NeuroMorpho	img_2	pred_11.png	82648.0	0.0	3796.0	25161.0	0.0	1107.0	2058.0	0.0	118.0		16	1
missing_branch	NeuroMorpho	img_2	pred_12.png	82203.0	0.0	4241.0	25020.0	0.0	1248.0	2048.0	0.0	128.0		17	1
missing_branch	NeuroMorpho	img_2	pred_13.png	81914.0	0.0	4530.0	24934.0	0.0	1334.0	2036.0	0.0	140.0		8	1
missing_branch	NeuroMorpho	img_2	pred_14.png	81555.0	0.0	4889.0	24836.0	0.0	1432.0	2020.0	0.0	156.0		12	1
missing_branch	NeuroMorpho	img_2	pred_15.png	81426.0	0.0	5018.0	24797.0	0.0	1471.0	2010.0	0.0	166.0		1	1
missing_branch	NeuroMorpho	img_2	pred_16.png	81328.0	0.0	5116.0	24775.0	0.0	1493.0	2004.0	0.0	172.0		3	1
missing_branch	NeuroMorpho	img_2	pred_17.png	80907.0	0.0	5537.0	24646.0	0.0	1622.0	1996.0	0.0	180.0		18	1
missing_branch	NeuroMorpho	img_2	pred_18.png	80374.0	0.0	6070.0	24473.0	0.0	1795.0	1980.0	0.0	196.0		4	1
missing_branch	NeuroMorpho	img_2	pred_19.png	80040.0	0.0	6404.0	24372.0	0.0	1896.0	1970.0	0.0	206.0		15	1
missing_branch	NeuroMorpho	img_1	gt.png	67749.0	0.0	0.0	21776.0	0.0	0.0	1661.0	0.0	0.0		0	1
missing_branch	NeuroMorpho	img_1	pred_0.png	67447.0	0.0	302.0	21693.0	0.0	83.0	1648.0	0.0	13.0		2	1
missing_branch	NeuroMorpho	img_1	pred_1.png	67198.0	0.0	551.0	21620.0	0.0	156.0	1638.0	0.0	23.0		11	1
missing_branch	NeuroMorpho	img_1	pred_2.png	66944.0	0.0	805.0	21543.0	0.0	233.0	1628.0	0.0	33.0		6	1
missing_branch	NeuroMorpho	img_1	pred_3.png	66652.0	0.0	1097.0	21447.0	0.0	329.0	1623.0	0.0	38.0		13	1
missing_branch	NeuroMorpho	img_1	pred_4.png	66497.0	0.0	1252.0	21408.0	0.0	368.0	1603.0	0.0	58.0		7	1
missing_branch	NeuroMorpho	img_1	pred_5.png	66382.0	0.0	1367.0	21371.0	0.0	405.0	1589.0	0.0	72.0		14	1
missing_branch	NeuroMorpho	img_1	pred_6.png	66311.0	0.0	1438.0	21351.0	0.0	425.0	1581.0	0.0	80.0		9	1
missing_branch	NeuroMorpho	img_1	pred_7.png	66149.0	0.0	1600.0	21299.0	0.0	477.0	1569.0	0.0	92.0		10	1
missing_branch	NeuroMorpho	img_1	pred_8.png	65974.0	0.0	1775.0	21247.0	0.0	529.0	1559.0	0.0	102.0		19	1
missing_branch	NeuroMorpho	img_1	pred_9.png	65634.0	0.0	2115.0	21134.0	0.0	642.0	1549.0	0.0	112.0		20	1
missing_branch	NeuroMorpho	img_1	pred_10.png	65390.0	0.0	2359.0	21055.0	0.0	721.0	1532.0	0.0	129.0		5	1
missing_branch	NeuroMorpho	img_1	pred_11.png	65101.0	0.0	2648.0	20968.0	0.0	808.0	1519.0	0.0	142.0		16	1
missing_branch	NeuroMorpho	img_1	pred_12.png	64864.0	0.0	2885.0	20889.0	0.0	887.0	1509.0	0.0	152.0		17	1
missing_branch	NeuroMorpho	img_1	pred_13.png	64653.0	0.0	3096.0	20832.0	0.0	944.0	1501.0	0.0	160.0		8	1
missing_branch	NeuroMorpho	img_1	pred_14.png	64213.0	0.0	3536.0	20688.0	0.0	1088.0	1493.0	0.0	168.0		12	1
missing_branch	NeuroMorpho	img_1	pred_15.png	63724.0	0.0	4025.0	20533.0	0.0	1243.0	1477.0	0.0	184.0		1	1
missing_branch	NeuroMorpho	img_1	pred_16.png	63537.0	0.0	4212.0	20477.0	0.0	1299.0	1462.0	0.0	199.0		3	1
missing_branch	NeuroMorpho	img_1	pred_17.png	63341.0	0.0	4408.0	20416.0	0.0	1360.0	1458.0	0.0	203.0		18	1
missing_branch	NeuroMorpho	img_1	pred_18.png	62749.0	0.0	5000.0	20228.0	0.0	1548.0	1442.0	0.0	219.0		4	1
missing_branch	NeuroMorpho	img_1	pred_19.png	62589.0	0.0	5160.0	20177.0	0.0	1599.0	1423.0	0.0	238.0		15	1
false_branch	Roads	img_0	gt.png	148257.0	0.0	0.0	21040.0	0.0	0.0	311.0	0.0	0.0		0	1
false_branch	Roads	img_0	pred_0.png	148257.0	2571.0	0.0	21040.0	298.0	0.0	323.0	12.0	0.0		2	1
false_branch	Roads	img_0	pred_1.png	148257.0	4979.0	0.0	21040.0	522.0	0.0	333.0	22.0	0.0		11	1
false_branch	Roads	img_0	pred_2.png	148257.0	6867.0	0.0	21040.0	747.0	0.0	343.0	32.0	0.0		6	1
false_branch	Roads	img_0	pred_3.png	148257.0	8313.0	0.0	21040.0	876.0	0.0	353.0	42.0	0.0		13	1
false_branch	Roads	img_0	pred_4.png	148257.0	9463.0	0.0	21040.0	1070.0	0.0	363.0	52.0	0.0		7	1
false_branch	Roads	img_0	pred_5.png	148257.0	11126.0	0.0	21040.0	1234.0	0.0	373.0	62.0	0.0		14	1
false_branch	Roads	img_0	pred_6.png	148257.0	13389.0	0.0	21040.0	1485.0	0.0	383.0	72.0	0.0		9	1
false_branch	Roads	img_0	pred_7.png	148257.0	13964.0	0.0	21040.0	1561.0	0.0	393.0	82.0	0.0		10	1
false_branch	Roads	img_0	pred_8.png	148257.0	15396.0	0.0	21040.0	1707.0	0.0	403.0	92.0	0.0		19	1
false_branch	Roads	img_0	pred_9.png	148257.0	17508.0	0.0	21040.0	1874.0	0.0	413.0	102.0	0.0		20	1
false_branch	Roads	img_0	pred_10.png	148257.0	18359.0	0.0	21040.0	2028.0	0.0	421.0	110.0	0.0		5	1
false_branch	Roads	img_0	pred_11.png	148257.0	19544.0	0.0	21040.0	2158.0	0.0	431.0	120.0	0.0		16	1
false_branch	Roads	img_0	pred_12.png	148257.0	20216.0	0.0	21040.0	2296.0	0.0	441.0	130.0	0.0		17	1
false_branch	Roads	img_0	pred_13.png	148257.0	21853.0	0.0	21040.0	2531.0	0.0	451.0	140.0	0.0		8	1
false_branch	Roads	img_0	pred_14.png	148257.0	22305.0	0.0	21040.0	2587.0	0.0	461.0	150.0	0.0		12	1
false_branch	Roads	img_0	pred_15.png	148257.0	24760.0	0.0	21040.0	2897.0	0.0	471.0	160.0	0.0		1	1
false_branch	Roads	img_0	pred_16.png	148257.0	26172.0	0.0	21040.0	3054.0	0.0	481.0	170.0	0.0		3	1
false_branch	Roads	img_0	pred_17.png	148257.0	26837.0	0.0	21040.0	3147.0	0.0	491.0	180.0	0.0		18	1
false_branch	Roads	img_0	pred_18.png	148257.0	29037.0	0.0	21040.0	3403.0	0.0	501.0	190.0	0.0		4	1
false_branch	Roads	img_0	pred_19.png	148257.0	30552.0	0.0	21040.0	3523.0	0.0	511.0	200.0	0.0		15	1
false_branch	Roads	img_2	gt.png	206563.0	0.0	0.0	31942.0	0.0	0.0	345.0	0.0	0.0		0	1
false_branch	Roads	img_2	pred_0.png	206563.0	2201.0	0.0	31942.0	309.0	0.0	357.0	12.0	0.0		2	1
false_branch	Roads	img_2	pred_1.png	206563.0	2802.0	0.0	31942.0	413.0	0.0	367.0	22.0	0.0		11	1
false_branch	Roads	img_2	pred_2.png	206563.0	7005.0	0.0	31942.0	807.0	0.0	377.0	32.0	0.0		6	1
false_branch	Roads	img_2	pred_3.png	206563.0	8788.0	0.0	31942.0	1108.0	0.0	387.0	42.0	0.0		13	1
false_branch	Roads	img_2	pred_4.png	206563.0	11548.0	0.0	31942.0	1388.0	0.0	397.0	52.0	0.0		7	1
false_branch	Roads	img_2	pred_5.png	206563.0	13418.0	0.0	31942.0	1598.0	0.0	407.0	62.0	0.0		14	1
false_branch	Roads	img_2	pred_6.png	206563.0	14394.0	0.0	31942.0	1793.0	0.0	417.0	72.0	0.0		9	1
false_branch	Roads	img_2	pred_7.png	206563.0	16554.0	0.0	31942.0	2020.0	0.0	427.0	82.0	0.0		10	1
false_branch	Roads	img_2	pred_8.png	206563.0	18320.0	0.0	31942.0	2188.0	0.0	437.0	92.0	0.0		19	1
false_branch	Roads	img_2	pred_9.png	206563.0	21155.0	0.0	31942.0	2563.0	0.0	447.0	102.0	0.0		20	1
false_branch	Roads	img_2	pred_10.png	206563.0	24590.0	0.0	31942.0	2876.0	0.0	455.0	110.0	0.0		5	1
false_branch	Roads	img_2	pred_11.png	206563.0	26823.0	0.0	31942.0	3074.0	0.0	465.0	120.0	0.0		16	1
false_branch	Roads	img_2	pred_12.png	206563.0	29852.0	0.0	31942.0	3289.0	0.0	475.0	130.0	0.0		17	1
false_branch	Roads	img_2	pred_13.png	206563.0	31721.0	0.0	31942.0	3507.0	0.0	485.0	140.0	0.0		8	1
false_branch	Roads	img_2	pred_14.png	206563.0	33538.0	0.0	31942.0	3705.0	0.0	495.0	150.0	0.0		12	1
false_branch	Roads	img_2	pred_15.png	206563.0	35694.0	0.0	31942.0	3957.0	0.0	505.0	160.0	0.0		1	1
false_branch	Roads	img_2	pred_16.png	206563.0	38838.0	0.0	31942.0	4244.0	0.0	515.0	170.0	0.0		3	1
false_branch	Roads	img_2	pred_17.png	206563.0	39912.0	0.0	31942.0	4435.0	0.0	525.0	180.0	0.0		18	1
false_branch	Roads	img_2	pred_18.png	206563.0	43132.0	0.0	31942.0	4764.0	0.0	535.0	190.0	0.0		4	1
false_branch	Roads	img_2	pred_19.png	206563.0	45756.0	0.0	31942.0	5083.0	0.0	545.0	200.0	0.0		15	1
false_branch	Roads	img_1	gt.png	190626.0	0.0	0.0	26311.0	0.0	0.0	513.0	0.0	0.0		0	1
false_branch	Roads	img_1	pred_0.png	190626.0	3084.0	0.0	26311.0	239.0	0.0	525.0	12.0	0.0		2	1
false_branch	Roads	img_1	pred_1.png	190626.0	4393.0	0.0	26311.0	339.0	0.0	535.0	22.0	0.0		11	1
false_branch	Roads	img_1	pred_2.png	190626.0	7265.0	0.0	26311.0	625.0	0.0	545.0	32.0	0.0		6	1
false_branch	Roads	img_1	pred_3.png	190626.0	8755.0	0.0	26311.0	746.0	0.0	555.0	42.0	0.0		13	1
false_branch	Roads	img_1	pred_4.png	190626.0	9761.0	0.0	26311.0	860.0	0.0	565.0	52.0	0.0		7	1
false_branch	Roads	img_1	pred_5.png	190626.0	11863.0	0.0	26311.0	1036.0	0.0	575.0	62.0	0.0		14	1
false_branch	Roads	img_1	pred_6.png	190626.0	13594.0	0.0	26311.0	1205.0	0.0	585.0	72.0	0.0		9	1
false_branch	Roads	img_1	pred_7.png	190626.0	14952.0	0.0	26311.0	1369.0	0.0	595.0	82.0	0.0		10	1
false_branch	Roads	img_1	pred_8.png	190626.0	17669.0	0.0	26311.0	1635.0	0.0	605.0	92.0	0.0		19	1
false_branch	Roads	img_1	pred_9.png	190626.0	19860.0	0.0	26311.0	1820.0	0.0	615.0	102.0	0.0		20	1
false_branch	Roads	img_1	pred_10.png	190626.0	22466.0	0.0	26311.0	2059.0	0.0	623.0	110.0	0.0		5	1
false_branch	Roads	img_1	pred_11.png	190626.0	24319.0	0.0	26311.0	2184.0	0.0	633.0	120.0	0.0		16	1
false_branch	Roads	img_1	pred_12.png	190626.0	25373.0	0.0	26311.0	2320.0	0.0	643.0	130.0	0.0		17	1
false_branch	Roads	img_1	pred_13.png	190626.0	27359.0	0.0	26311.0	2512.0	0.0	653.0	140.0	0.0		8	1
false_branch	Roads	img_1	pred_14.png	190626.0	29210.0	0.0	26311.0	2732.0	0.0	663.0	150.0	0.0		12	1
false_branch	Roads	img_1	pred_15.png	190626.0	31640.0	0.0	26311.0	2934.0	0.0	673.0	160.0	0.0		1	1
false_branch	Roads	img_1	pred_16.png	190626.0	33635.0	0.0	26311.0	3087.0	0.0	683.0	170.0	0.0		3	1
false_branch	Roads	img_1	pred_17.png	190626.0	35814.0	0.0	26311.0	3297.0	0.0	693.0	180.0	0.0		18	1
false_branch	Roads	img_1	pred_18.png	190626.0	37877.0	0.0	26311.0	3482.0	0.0	703.0	190.0	0.0		4	1
false_branch	Roads	img_1	pred_19.png	190626.0	40726.0	0.0	26311.0	3733.0	0.0	713.0	200.0	0.0		15	1
false_branch	Colon_cells	img_0	gt.png	11002.0	0.0	0.0	608.0	0.0	0.0	149.0	0.0	0.0		0	1
false_branch	Colon_cells	img_0	pred_0.png	11002.0	52.0	0.0	608.0	11.0	0.0	151.0	2.0	0.0		1	1
false_branch	Colon_cells	img_0	pred_1.png	11002.0	75.0	0.0	608.0	16.0	0.0	153.0	4.0	0.0		8	1
false_branch	Colon_cells	img_0	pred_2.png	11002.0	218.0	0.0	608.0	24.0	0.0	155.0	6.0	0.0		3	1
false_branch	Colon_cells	img_0	pred_3.png	11002.0	274.0	0.0	608.0	33.0	0.0	157.0	8.0	0.0		9	1
false_branch	Colon_cells	img_0	pred_4.png	11002.0	382.0	0.0	608.0	52.0	0.0	159.0	10.0	0.0		4	1
false_branch	Colon_cells	img_0	pred_5.png	11002.0	451.0	0.0	608.0	66.0	0.0	161.0	12.0	0.0		10	1
false_branch	Colon_cells	img_0	pred_6.png	11002.0	538.0	0.0	608.0	80.0	0.0	163.0	14.0	0.0		6	1
false_branch	Colon_cells	img_0	pred_7.png	11002.0	571.0	0.0	608.0	86.0	0.0	165.0	16.0	0.0		7	1
false_branch	Colon_cells	img_0	pred_8.png	11002.0	651.0	0.0	608.0	103.0	0.0	167.0	18.0	0.0		13	1
false_branch	Colon_cells	img_0	pred_9.png	11002.0	744.0	0.0	608.0	117.0	0.0	169.0	20.0	0.0		14	1
false_branch	Colon_cells	img_0	pred_10.png	11002.0	869.0	0.0	608.0	120.0	0.0	171.0	22.0	0.0		2	1
false_branch	Colon_cells	img_0	pred_11.png	11002.0	894.0	0.0	608.0	125.0	0.0	173.0	24.0	0.0		11	1
false_branch	Colon_cells	img_0	pred_12.png	11002.0	1042.0	0.0	608.0	143.0	0.0	175.0	26.0	0.0		12	1
false_branch	Colon_cells	img_0	pred_13.png	11002.0	1129.0	0.0	608.0	157.0	0.0	177.0	28.0	0.0		5	1
false_branch	Colon_cells	img_2	gt.png	22641.0	0.0	0.0	1257.0	0.0	0.0	240.0	0.0	0.0		0	1
false_branch	Colon_cells	img_2	pred_0.png	22641.0	432.0	0.0	1257.0	46.0	0.0	248.0	8.0	0.0		2	1
false_branch	Colon_cells	img_2	pred_1.png	22641.0	818.0	0.0	1257.0	102.0	0.0	256.0	16.0	0.0		11	1
false_branch	Colon_cells	img_2	pred_2.png	22641.0	1334.0	0.0	1257.0	170.0	0.0	262.0	22.0	0.0		6	1
false_branch	Colon_cells	img_2	pred_3.png	22641.0	1714.0	0.0	1257.0	214.0	0.0	268.0	28.0	0.0		13	1
false_branch	Colon_cells	img_2	pred_4.png	22641.0	2049.0	0.0	1257.0	252.0	0.0	276.0	36.0	0.0		7	1
false_branch	Colon_cells	img_2	pred_5.png	22641.0	2327.0	0.0	1257.0	292.0	0.0	282.0	42.0	0.0		14	1
false_branch	Colon_cells	img_2	pred_6.png	22641.0	2647.0	0.0	1257.0	328.0	0.0	288.0	48.0	0.0		9	1
false_branch	Colon_cells	img_2	pred_7.png	22641.0	2860.0	0.0	1257.0	358.0	0.0	296.0	56.0	0.0		10	1
false_branch	Colon_cells	img_2	pred_8.png	22641.0	3074.0	0.0	1257.0	388.0	0.0	302.0	62.0	0.0		19	1
false_branch	Colon_cells	img_2	pred_9.png	22641.0	3499.0	0.0	1257.0	449.0	0.0	310.0	70.0	0.0		20	1
false_branch	Colon_cells	img_2	pred_10.png	22641.0	3746.0	0.0	1257.0	487.0	0.0	316.0	76.0	0.0		5	1
false_branch	Colon_cells	img_2	pred_11.png	22641.0	4125.0	0.0	1257.0	528.0	0.0	322.0	82.0	0.0		16	1
false_branch	Colon_cells	img_2	pred_12.png	22641.0	4775.0	0.0	1257.0	594.0	0.0	330.0	90.0	0.0		17	1
false_branch	Colon_cells	img_2	pred_13.png	22641.0	4879.0	0.0	1257.0	619.0	0.0	336.0	96.0	0.0		8	1
false_branch	Colon_cells	img_2	pred_14.png	22641.0	5082.0	0.0	1257.0	664.0	0.0	342.0	102.0	0.0		12	1
false_branch	Colon_cells	img_2	pred_15.png	22641.0	5743.0	0.0	1257.0	744.0	0.0	350.0	110.0	0.0		1	1
false_branch	Colon_cells	img_2	pred_16.png	22641.0	6293.0	0.0	1257.0	793.0	0.0	356.0	116.0	0.0		3	1
false_branch	Colon_cells	img_2	pred_17.png	22641.0	6825.0	0.0	1257.0	843.0	0.0	362.0	122.0	0.0		18	1
false_branch	Colon_cells	img_2	pred_18.png	22641.0	7667.0	0.0	1257.0	915.0	0.0	370.0	130.0	0.0		4	1
false_branch	Colon_cells	img_2	pred_19.png	22641.0	8094.0	0.0	1257.0	958.0	0.0	376.0	136.0	0.0		15	1
false_branch	Colon_cells	img_1	gt.png	23563.0	0.0	0.0	1374.0	0.0	0.0	286.0	0.0	0.0		0	1
false_branch	Colon_cells	img_1	pred_0.png	23563.0	189.0	0.0	1374.0	18.0	0.0	290.0	4.0	0.0		2	1
false_branch	Colon_cells	img_1	pred_1.png	23563.0	573.0	0.0	1374.0	47.0	0.0	294.0	8.0	0.0		11	1
false_branch	Colon_cells	img_1	pred_2.png	23563.0	728.0	0.0	1374.0	65.0	0.0	296.0	10.0	0.0		6	1
false_branch	Colon_cells	img_1	pred_3.png	23563.0	1044.0	0.0	1374.0	92.0	0.0	298.0	12.0	0.0		13	1
false_branch	Colon_cells	img_1	pred_4.png	23563.0	1068.0	0.0	1374.0	97.0	0.0	300.0	14.0	0.0		7	1
false_branch	Colon_cells	img_1	pred_5.png	23563.0	1220.0	0.0	1374.0	112.0	0.0	304.0	18.0	0.0		14	1
false_branch	Colon_cells	img_1	pred_6.png	23563.0	1315.0	0.0	1374.0	121.0	0.0	306.0	20.0	0.0		9	1
false_branch	Colon_cells	img_1	pred_7.png	23563.0	1326.0	0.0	1374.0	124.0	0.0	308.0	22.0	0.0		10	1
false_branch	Colon_cells	img_1	pred_8.png	23563.0	1482.0	0.0	1374.0	145.0	0.0	312.0	26.0	0.0		19	1
false_branch	Colon_cells	img_1	pred_9.png	23563.0	1583.0	0.0	1374.0	159.0	0.0	314.0	28.0	0.0		20	1
false_branch	Colon_cells	img_1	pred_10.png	23563.0	1660.0	0.0	1374.0	165.0	0.0	316.0	30.0	0.0		5	1
false_branch	Colon_cells	img_1	pred_11.png	23563.0	1895.0	0.0	1374.0	193.0	0.0	320.0	34.0	0.0		16	1
false_branch	Colon_cells	img_1	pred_12.png	23563.0	1962.0	0.0	1374.0	209.0	0.0	322.0	36.0	0.0		17	1
false_branch	Colon_cells	img_1	pred_13.png	23563.0	1978.0	0.0	1374.0	215.0	0.0	324.0	38.0	0.0		8	1
false_branch	Colon_cells	img_1	pred_14.png	23563.0	2216.0	0.0	1374.0	232.0	0.0	328.0	42.0	0.0		12	1
false_branch	Colon_cells	img_1	pred_15.png	23563.0	2432.0	0.0	1374.0	262.0	0.0	330.0	44.0	0.0		1	1
false_branch	Colon_cells	img_1	pred_16.png	23563.0	2636.0	0.0	1374.0	279.0	0.0	332.0	46.0	0.0		3	1
false_branch	Colon_cells	img_1	pred_17.png	23563.0	2792.0	0.0	1374.0	289.0	0.0	334.0	48.0	0.0		18	1
false_branch	Colon_cells	img_1	pred_18.png	23563.0	2907.0	0.0	1374.0	304.0	0.0	338.0	52.0	0.0		4	1
false_branch	Colon_cells	img_1	pred_19.png	23563.0	3023.0	0.0	1374.0	319.0	0.0	340.0	54.0	0.0		15	1
false_branch	CREMI	img_0	gt.png	25478.0	0.0	0.0	8960.0	0.0	0.0	1044.0	0.0	0.0		0	1
false_branch	CREMI	img_0	pred_0.png	25478.0	159.0	0.0	8960.0	40.0	0.0	1056.0	0.0	-12.0		2	1
false_branch	CREMI	img_0	pred_1.png	25478.0	246.0	0.0	8960.0	63.0	0.0	1066.0	0.0	-22.0		11	1
false_branch	CREMI	img_0	pred_2.png	25478.0	350.0	0.0	8960.0	98.0	0.0	1076.0	0.0	-32.0		6	1
false_branch	CREMI	img_0	pred_3.png	25478.0	454.0	0.0	8960.0	123.0	0.0	1086.0	0.0	-42.0		13	1
false_branch	CREMI	img_0	pred_4.png	25478.0	552.0	0.0	8960.0	148.0	0.0	1096.0	0.0	-52.0		7	1
false_branch	CREMI	img_0	pred_5.png	25478.0	650.0	0.0	8960.0	180.0	0.0	1106.0	0.0	-62.0		14	1
false_branch	CREMI	img_0	pred_6.png	25478.0	770.0	0.0	8960.0	216.0	0.0	1116.0	0.0	-72.0		9	1
false_branch	CREMI	img_0	pred_7.png	25478.0	898.0	0.0	8960.0	260.0	0.0	1126.0	0.0	-82.0		10	1
false_branch	CREMI	img_0	pred_8.png	25478.0	995.0	0.0	8960.0	287.0	0.0	1136.0	0.0	-92.0		19	1
false_branch	CREMI	img_0	pred_9.png	25478.0	1109.0	0.0	8960.0	320.0	0.0	1146.0	0.0	-102.0		20	1
false_branch	CREMI	img_0	pred_10.png	25478.0	1214.0	0.0	8960.0	353.0	0.0	1154.0	0.0	-110.0		5	1
false_branch	CREMI	img_0	pred_11.png	25478.0	1338.0	0.0	8960.0	381.0	0.0	1164.0	0.0	-120.0		16	1
false_branch	CREMI	img_0	pred_12.png	25478.0	1469.0	0.0	8960.0	419.0	0.0	1174.0	0.0	-130.0		17	1
false_branch	CREMI	img_0	pred_13.png	25478.0	1603.0	0.0	8960.0	460.0	0.0	1184.0	0.0	-140.0		8	1
false_branch	CREMI	img_0	pred_14.png	25478.0	1713.0	0.0	8960.0	495.0	0.0	1194.0	0.0	-150.0		12	1
false_branch	CREMI	img_0	pred_15.png	25478.0	1819.0	0.0	8960.0	529.0	0.0	1204.0	0.0	-160.0		1	1
false_branch	CREMI	img_0	pred_16.png	25478.0	1889.0	0.0	8960.0	547.0	0.0	1214.0	0.0	-170.0		3	1
false_branch	CREMI	img_0	pred_17.png	25478.0	1989.0	0.0	8960.0	582.0	0.0	1224.0	0.0	-180.0		18	1
false_branch	CREMI	img_0	pred_18.png	25478.0	2109.0	0.0	8960.0	623.0	0.0	1234.0	0.0	-190.0		4	1
false_branch	CREMI	img_0	pred_19.png	25478.0	2224.0	0.0	8960.0	663.0	0.0	1244.0	0.0	-200.0		15	1
false_branch	CREMI	img_2	gt.png	25641.0	0.0	0.0	9016.0	0.0	0.0	1060.0	0.0	0.0		0	1
false_branch	CREMI	img_2	pred_0.png	25641.0	144.0	0.0	9016.0	47.0	0.0	1072.0	0.0	-12.0		2	1
false_branch	CREMI	img_2	pred_1.png	25641.0	268.0	0.0	9016.0	86.0	0.0	1082.0	0.0	-22.0		11	1
false_branch	CREMI	img_2	pred_2.png	25641.0	410.0	0.0	9016.0	132.0	0.0	1092.0	0.0	-32.0		6	1
false_branch	CREMI	img_2	pred_3.png	25641.0	544.0	0.0	9016.0	163.0	0.0	1102.0	0.0	-42.0		13	1
false_branch	CREMI	img_2	pred_4.png	25641.0	647.0	0.0	9016.0	194.0	0.0	1112.0	0.0	-52.0		7	1
false_branch	CREMI	img_2	pred_5.png	25641.0	763.0	0.0	9016.0	230.0	0.0	1122.0	0.0	-62.0		14	1
false_branch	CREMI	img_2	pred_6.png	25641.0	855.0	0.0	9016.0	262.0	0.0	1132.0	0.0	-72.0		9	1
false_branch	CREMI	img_2	pred_7.png	25641.0	955.0	0.0	9016.0	296.0	0.0	1142.0	0.0	-82.0		10	1
false_branch	CREMI	img_2	pred_8.png	25641.0	1116.0	0.0	9016.0	333.0	0.0	1152.0	0.0	-92.0		19	1
false_branch	CREMI	img_2	pred_9.png	25641.0	1230.0	0.0	9016.0	370.0	0.0	1162.0	0.0	-102.0		20	1
false_branch	CREMI	img_2	pred_10.png	25641.0	1349.0	0.0	9016.0	401.0	0.0	1170.0	0.0	-110.0		5	1
false_branch	CREMI	img_2	pred_11.png	25641.0	1473.0	0.0	9016.0	438.0	0.0	1180.0	0.0	-120.0		16	1
false_branch	CREMI	img_2	pred_12.png	25641.0	1586.0	0.0	9016.0	466.0	0.0	1190.0	0.0	-130.0		17	1
false_branch	CREMI	img_2	pred_13.png	25641.0	1704.0	0.0	9016.0	504.0	0.0	1200.0	0.0	-140.0		8	1
false_branch	CREMI	img_2	pred_14.png	25641.0	1838.0	0.0	9016.0	540.0	0.0	1210.0	0.0	-150.0		12	1
false_branch	CREMI	img_2	pred_15.png	25641.0	1938.0	0.0	9016.0	567.0	0.0	1220.0	0.0	-160.0		1	1
false_branch	CREMI	img_2	pred_16.png	25641.0	2067.0	0.0	9016.0	598.0	0.0	1230.0	0.0	-170.0		3	1
false_branch	CREMI	img_2	pred_17.png	25641.0	2186.0	0.0	9016.0	629.0	0.0	1240.0	0.0	-180.0		18	1
false_branch	CREMI	img_2	pred_18.png	25641.0	2264.0	0.0	9016.0	656.0	0.0	1250.0	0.0	-190.0		4	1
false_branch	CREMI	img_2	pred_19.png	25641.0	2363.0	0.0	9016.0	683.0	0.0	1260.0	0.0	-200.0		15	1
false_branch	CREMI	img_1	gt.png	25520.0	0.0	0.0	8892.0	0.0	0.0	959.0	0.0	0.0		0	1
false_branch	CREMI	img_1	pred_0.png	25520.0	150.0	0.0	8892.0	42.0	0.0	971.0	0.0	-12.0		2	1
false_branch	CREMI	img_1	pred_1.png	25520.0	296.0	0.0	8892.0	94.0	0.0	981.0	0.0	-22.0		11	1
false_branch	CREMI	img_1	pred_2.png	25520.0	415.0	0.0	8892.0	128.0	0.0	991.0	0.0	-32.0		6	1
false_branch	CREMI	img_1	pred_3.png	25520.0	518.0	0.0	8892.0	153.0	0.0	1001.0	0.0	-42.0		13	1
false_branch	CREMI	img_1	pred_4.png	25520.0	635.0	0.0	8892.0	188.0	0.0	1011.0	0.0	-52.0		7	1
false_branch	CREMI	img_1	pred_5.png	25520.0	754.0	0.0	8892.0	220.0	0.0	1021.0	0.0	-62.0		14	1
false_branch	CREMI	img_1	pred_6.png	25520.0	858.0	0.0	8892.0	249.0	0.0	1031.0	0.0	-72.0		9	1
false_branch	CREMI	img_1	pred_7.png	25520.0	981.0	0.0	8892.0	288.0	0.0	1041.0	0.0	-82.0		10	1
false_branch	CREMI	img_1	pred_8.png	25520.0	1105.0	0.0	8892.0	323.0	0.0	1051.0	0.0	-92.0		19	1
false_branch	CREMI	img_1	pred_9.png	25520.0	1297.0	0.0	8892.0	377.0	0.0	1061.0	0.0	-102.0		20	1
false_branch	CREMI	img_1	pred_10.png	25520.0	1399.0	0.0	8892.0	406.0	0.0	1069.0	0.0	-110.0		5	1
false_branch	CREMI	img_1	pred_11.png	25520.0	1516.0	0.0	8892.0	447.0	0.0	1079.0	0.0	-120.0		16	1
false_branch	CREMI	img_1	pred_12.png	25520.0	1629.0	0.0	8892.0	478.0	0.0	1089.0	0.0	-130.0		17	1
false_branch	CREMI	img_1	pred_13.png	25520.0	1795.0	0.0	8892.0	523.0	0.0	1099.0	0.0	-140.0		8	1
false_branch	CREMI	img_1	pred_14.png	25520.0	1901.0	0.0	8892.0	557.0	0.0	1109.0	0.0	-150.0		12	1
false_branch	CREMI	img_1	pred_15.png	25520.0	2042.0	0.0	8892.0	601.0	0.0	1119.0	0.0	-160.0		1	1
false_branch	CREMI	img_1	pred_16.png	25520.0	2167.0	0.0	8892.0	639.0	0.0	1129.0	0.0	-170.0		3	1
false_branch	CREMI	img_1	pred_17.png	25520.0	2272.0	0.0	8892.0	672.0	0.0	1139.0	0.0	-180.0		18	1
false_branch	CREMI	img_1	pred_18.png	25520.0	2382.0	0.0	8892.0	702.0	0.0	1149.0	0.0	-190.0		4	1
false_branch	CREMI	img_1	pred_19.png	25520.0	2528.0	0.0	8892.0	743.0	0.0	1159.0	0.0	-200.0		15	1
false_branch	LES-AV	img_0	gt.png	158725.0	0.0	0.0	16428.0	0.0	0.0	154.0	0.0	0.0		0	1
false_branch	LES-AV	img_0	pred_0.png	158725.0	4982.0	0.0	16428.0	405.0	0.0	166.0	0.0	-12.0		2	1
false_branch	LES-AV	img_0	pred_1.png	158725.0	13275.0	0.0	16428.0	880.0	0.0	176.0	0.0	-22.0		11	1
false_branch	LES-AV	img_0	pred_2.png	158725.0	18815.0	0.0	16428.0	1136.0	0.0	186.0	0.0	-32.0		6	1
false_branch	LES-AV	img_0	pred_3.png	158725.0	23517.0	0.0	16428.0	1448.0	0.0	196.0	0.0	-42.0		13	1
false_branch	LES-AV	img_0	pred_4.png	158725.0	31939.0	0.0	16428.0	1886.0	0.0	206.0	0.0	-52.0		7	1
false_branch	LES-AV	img_0	pred_5.png	158725.0	42466.0	0.0	16428.0	2392.0	0.0	216.0	0.0	-62.0		14	1
false_branch	LES-AV	img_0	pred_6.png	158725.0	47424.0	0.0	16428.0	2729.0	0.0	226.0	0.0	-72.0		9	1
false_branch	LES-AV	img_0	pred_7.png	158725.0	57485.0	0.0	16428.0	3099.0	0.0	236.0	0.0	-82.0		10	1
false_branch	LES-AV	img_0	pred_8.png	158725.0	63513.0	0.0	16428.0	3456.0	0.0	246.0	0.0	-92.0		19	1
false_branch	LES-AV	img_0	pred_9.png	158725.0	69416.0	0.0	16428.0	3907.0	0.0	256.0	0.0	-102.0		20	1
false_branch	LES-AV	img_0	pred_10.png	158725.0	73977.0	0.0	16428.0	4193.0	0.0	264.0	0.0	-110.0		5	1
false_branch	LES-AV	img_0	pred_11.png	158725.0	80612.0	0.0	16428.0	4558.0	0.0	274.0	0.0	-120.0		16	1
false_branch	LES-AV	img_0	pred_12.png	158725.0	88443.0	0.0	16428.0	4918.0	0.0	284.0	0.0	-130.0		17	1
false_branch	LES-AV	img_0	pred_13.png	158725.0	92573.0	0.0	16428.0	5217.0	0.0	294.0	0.0	-140.0		8	1
false_branch	LES-AV	img_0	pred_14.png	158725.0	99294.0	0.0	16428.0	5520.0	0.0	304.0	0.0	-150.0		12	1
false_branch	LES-AV	img_0	pred_15.png	158725.0	103424.0	0.0	16428.0	5854.0	0.0	314.0	0.0	-160.0		1	1
false_branch	LES-AV	img_0	pred_16.png	158725.0	106424.0	0.0	16428.0	6017.0	0.0	324.0	0.0	-170.0		3	1
false_branch	LES-AV	img_0	pred_17.png	158725.0	112742.0	0.0	16428.0	6423.0	0.0	334.0	0.0	-180.0		18	1
false_branch	LES-AV	img_0	pred_18.png	158725.0	118082.0	0.0	16428.0	6739.0	0.0	344.0	0.0	-190.0		4	1
false_branch	LES-AV	img_0	pred_19.png	158725.0	124672.0	0.0	16428.0	7078.0	0.0	354.0	0.0	-200.0		15	1
false_branch	LES-AV	img_2	gt.png	209704.0	0.0	0.0	20096.0	0.0	0.0	204.0	0.0	0.0		0	1
false_branch	LES-AV	img_2	pred_0.png	209704.0	7466.0	0.0	20096.0	422.0	0.0	216.0	0.0	-12.0		2	1
false_branch	LES-AV	img_2	pred_1.png	209704.0	12372.0	0.0	20096.0	770.0	0.0	226.0	0.0	-22.0		11	1
false_branch	LES-AV	img_2	pred_2.png	209704.0	18065.0	0.0	20096.0	1118.0	0.0	236.0	0.0	-32.0		6	1
false_branch	LES-AV	img_2	pred_3.png	209704.0	21178.0	0.0	20096.0	1316.0	0.0	246.0	0.0	-42.0		13	1
false_branch	LES-AV	img_2	pred_4.png	209704.0	25316.0	0.0	20096.0	1682.0	0.0	256.0	0.0	-52.0		7	1
false_branch	LES-AV	img_2	pred_5.png	209704.0	31077.0	0.0	20096.0	2136.0	0.0	266.0	0.0	-62.0		14	1
false_branch	LES-AV	img_2	pred_6.png	209704.0	33856.0	0.0	20096.0	2406.0	0.0	276.0	0.0	-72.0		9	1
false_branch	LES-AV	img_2	pred_7.png	209704.0	35886.0	0.0	20096.0	2584.0	0.0	286.0	0.0	-82.0		10	1
false_branch	LES-AV	img_2	pred_8.png	209704.0	43293.0	0.0	20096.0	2919.0	0.0	296.0	0.0	-92.0		19	1
false_branch	LES-AV	img_2	pred_9.png	209704.0	50887.0	0.0	20096.0	3331.0	0.0	306.0	0.0	-102.0		20	1
false_branch	LES-AV	img_2	pred_10.png	209704.0	54383.0	0.0	20096.0	3608.0	0.0	314.0	0.0	-110.0		5	1
false_branch	LES-AV	img_2	pred_11.png	209704.0	61974.0	0.0	20096.0	3983.0	0.0	324.0	0.0	-120.0		16	1
false_branch	LES-AV	img_2	pred_12.png	209704.0	67537.0	0.0	20096.0	4383.0	0.0	334.0	0.0	-130.0		17	1
false_branch	LES-AV	img_2	pred_13.png	209704.0	72260.0	0.0	20096.0	4744.0	0.0	344.0	0.0	-140.0		8	1
false_branch	LES-AV	img_2	pred_14.png	209704.0	78398.0	0.0	20096.0	5086.0	0.0	354.0	0.0	-150.0		12	1
false_branch	LES-AV	img_2	pred_15.png	209704.0	84117.0	0.0	20096.0	5300.0	0.0	364.0	0.0	-160.0		1	1
false_branch	LES-AV	img_2	pred_16.png	209704.0	95316.0	0.0	20096.0	5809.0	0.0	374.0	0.0	-170.0		3	1
false_branch	LES-AV	img_2	pred_17.png	209704.0	97891.0	0.0	20096.0	6048.0	0.0	384.0	0.0	-180.0		18	1
false_branch	LES-AV	img_2	pred_18.png	209704.0	103051.0	0.0	20096.0	6352.0	0.0	394.0	0.0	-190.0		4	1
false_branch	LES-AV	img_2	pred_19.png	209704.0	106742.0	0.0	20096.0	6467.0	0.0	404.0	0.0	-200.0		15	1
false_branch	LES-AV	img_1	gt.png	224228.0	0.0	0.0	18647.0	0.0	0.0	179.0	0.0	0.0		0	1
false_branch	LES-AV	img_1	pred_0.png	224228.0	10805.0	0.0	18647.0	437.0	0.0	191.0	0.0	-12.0		2	1
false_branch	LES-AV	img_1	pred_1.png	224228.0	18696.0	0.0	18647.0	837.0	0.0	201.0	0.0	-22.0		11	1
false_branch	LES-AV	img_1	pred_2.png	224228.0	25353.0	0.0	18647.0	1289.0	0.0	211.0	0.0	-32.0		6	1
false_branch	LES-AV	img_1	pred_3.png	224228.0	34398.0	0.0	18647.0	1763.0	0.0	221.0	0.0	-42.0		13	1
false_branch	LES-AV	img_1	pred_4.png	224228.0	39294.0	0.0	18647.0	2132.0	0.0	231.0	0.0	-52.0		7	1
false_branch	LES-AV	img_1	pred_5.png	224228.0	46672.0	0.0	18647.0	2502.0	0.0	241.0	0.0	-62.0		14	1
false_branch	LES-AV	img_1	pred_6.png	224228.0	53210.0	0.0	18647.0	2818.0	0.0	251.0	0.0	-72.0		9	1
false_branch	LES-AV	img_1	pred_7.png	224228.0	58525.0	0.0	18647.0	3119.0	0.0	261.0	0.0	-82.0		10	1
false_branch	LES-AV	img_1	pred_8.png	224228.0	65548.0	0.0	18647.0	3599.0	0.0	271.0	0.0	-92.0		19	1
false_branch	LES-AV	img_1	pred_9.png	224228.0	68429.0	0.0	18647.0	3840.0	0.0	281.0	0.0	-102.0		20	1
false_branch	LES-AV	img_1	pred_10.png	224228.0	76060.0	0.0	18647.0	4149.0	0.0	289.0	0.0	-110.0		5	1
false_branch	LES-AV	img_1	pred_11.png	224228.0	81970.0	0.0	18647.0	4390.0	0.0	299.0	0.0	-120.0		16	1
false_branch	LES-AV	img_1	pred_12.png	224228.0	89677.0	0.0	18647.0	4675.0	0.0	309.0	0.0	-130.0		17	1
false_branch	LES-AV	img_1	pred_13.png	224228.0	99186.0	0.0	18647.0	5144.0	0.0	319.0	0.0	-140.0		8	1
false_branch	LES-AV	img_1	pred_14.png	224228.0	105082.0	0.0	18647.0	5498.0	0.0	329.0	0.0	-150.0		12	1
false_branch	LES-AV	img_1	pred_15.png	224228.0	113444.0	0.0	18647.0	5858.0	0.0	339.0	0.0	-160.0		1	1
false_branch	LES-AV	img_1	pred_16.png	224228.0	124664.0	0.0	18647.0	6275.0	0.0	349.0	0.0	-170.0		3	1
false_branch	LES-AV	img_1	pred_17.png	224228.0	131094.0	0.0	18647.0	6605.0	0.0	359.0	0.0	-180.0		18	1
false_branch	LES-AV	img_1	pred_18.png	224228.0	139165.0	0.0	18647.0	7059.0	0.0	369.0	0.0	-190.0		4	1
false_branch	LES-AV	img_1	pred_19.png	224228.0	145236.0	0.0	18647.0	7420.0	0.0	379.0	0.0	-200.0		15	1
false_branch	Minivess	img_0	gt.png	63267.0	0.0	0.0	3009.0	0.0	0.0	64.0	0.0	0.0		0	1
false_branch	Minivess	img_0	pred_0.png	63267.0	3675.0	0.0	3009.0	132.0	0.0	70.0	0.0	-6.0		2	1
false_branch	Minivess	img_0	pred_1.png	63267.0	13754.0	0.0	3009.0	355.0	0.0	74.0	0.0	-10.0		11	1
false_branch	Minivess	img_0	pred_2.png	63267.0	15062.0	0.0	3009.0	402.0	0.0	76.0	0.0	-12.0		6	1
false_branch	Minivess	img_0	pred_3.png	63267.0	15900.0	0.0	3009.0	486.0	0.0	80.0	0.0	-16.0		13	1
false_branch	Minivess	img_0	pred_4.png	63267.0	17096.0	0.0	3009.0	566.0	0.0	84.0	0.0	-20.0		7	1
false_branch	Minivess	img_0	pred_5.png	63267.0	18094.0	0.0	3009.0	630.0	0.0	86.0	0.0	-22.0		14	1
false_branch	Minivess	img_0	pred_6.png	63267.0	18318.0	0.0	3009.0	678.0	0.0	90.0	0.0	-26.0		9	1
false_branch	Minivess	img_0	pred_7.png	63267.0	22358.0	0.0	3009.0	824.0	0.0	94.0	0.0	-30.0		10	1
false_branch	Minivess	img_0	pred_8.png	63267.0	23431.0	0.0	3009.0	909.0	0.0	98.0	0.0	-34.0		19	1
false_branch	Minivess	img_0	pred_9.png	63267.0	29994.0	0.0	3009.0	1066.0	0.0	102.0	0.0	-38.0		20	1
false_branch	Minivess	img_0	pred_10.png	63267.0	32284.0	0.0	3009.0	1167.0	0.0	104.0	0.0	-40.0		5	1
false_branch	Minivess	img_0	pred_11.png	63267.0	33541.0	0.0	3009.0	1279.0	0.0	108.0	0.0	-44.0		16	1
false_branch	Minivess	img_0	pred_12.png	63267.0	35505.0	0.0	3009.0	1406.0	0.0	112.0	0.0	-48.0		17	1
false_branch	Minivess	img_0	pred_13.png	63267.0	39256.0	0.0	3009.0	1474.0	0.0	114.0	0.0	-50.0		8	1
false_branch	Minivess	img_0	pred_14.png	63267.0	42067.0	0.0	3009.0	1595.0	0.0	118.0	0.0	-54.0		12	1
false_branch	Minivess	img_0	pred_15.png	63267.0	52600.0	0.0	3009.0	1859.0	0.0	122.0	0.0	-58.0		1	1
false_branch	Minivess	img_0	pred_16.png	63267.0	57903.0	0.0	3009.0	2060.0	0.0	126.0	0.0	-62.0		3	1
false_branch	Minivess	img_0	pred_17.png	63267.0	59551.0	0.0	3009.0	2119.0	0.0	130.0	0.0	-66.0		18	1
false_branch	Minivess	img_0	pred_18.png	63267.0	61611.0	0.0	3009.0	2157.0	0.0	132.0	0.0	-68.0		4	1
false_branch	Minivess	img_0	pred_19.png	63267.0	67068.0	0.0	3009.0	2298.0	0.0	136.0	0.0	-72.0		15	1
false_branch	Minivess	img_2	gt.png	44722.0	0.0	0.0	2022.0	0.0	0.0	58.0	0.0	0.0		0	1
false_branch	Minivess	img_2	pred_0.png	44722.0	11884.0	0.0	2022.0	444.0	0.0	68.0	0.0	-10.0		2	1
false_branch	Minivess	img_2	pred_1.png	44722.0	17052.0	0.0	2022.0	694.0	0.0	76.0	0.0	-18.0		11	1
false_branch	Minivess	img_2	pred_2.png	44722.0	21971.0	0.0	2022.0	890.0	0.0	84.0	0.0	-26.0		6	1
false_branch	Minivess	img_2	pred_3.png	44722.0	29463.0	0.0	2022.0	1192.0	0.0	92.0	0.0	-34.0		13	1
false_branch	Minivess	img_2	pred_4.png	44722.0	36281.0	0.0	2022.0	1339.0	0.0	100.0	0.0	-42.0		7	1
false_branch	Minivess	img_2	pred_5.png	44722.0	41893.0	0.0	2022.0	1488.0	0.0	106.0	0.0	-48.0		14	1
false_branch	Minivess	img_2	pred_6.png	44722.0	44355.0	0.0	2022.0	1664.0	0.0	114.0	0.0	-56.0		9	1
false_branch	Minivess	img_2	pred_7.png	44722.0	46971.0	0.0	2022.0	1757.0	0.0	122.0	0.0	-64.0		10	1
false_branch	Minivess	img_2	pred_8.png	44722.0	51839.0	0.0	2022.0	1940.0	0.0	130.0	0.0	-72.0		19	1
false_branch	Minivess	img_2	pred_9.png	44722.0	56592.0	0.0	2022.0	2122.0	0.0	138.0	0.0	-80.0		20	1
false_branch	Minivess	img_2	pred_10.png	44722.0	60848.0	0.0	2022.0	2345.0	0.0	146.0	0.0	-88.0		5	1
false_branch	Minivess	img_2	pred_11.png	44722.0	68673.0	0.0	2022.0	2491.0	0.0	154.0	0.0	-96.0		16	1
false_branch	Minivess	img_2	pred_12.png	44722.0	73341.0	0.0	2022.0	2757.0	0.0	162.0	0.0	-104.0		17	1
false_branch	Minivess	img_2	pred_13.png	44722.0	77321.0	0.0	2022.0	2978.0	0.0	170.0	0.0	-112.0		8	1
false_branch	Minivess	img_2	pred_14.png	44722.0	78988.0	0.0	2022.0	3086.0	0.0	176.0	0.0	-118.0		12	1
false_branch	Minivess	img_2	pred_15.png	44722.0	85492.0	0.0	2022.0	3227.0	0.0	184.0	0.0	-126.0		1	1
false_branch	Minivess	img_2	pred_16.png	44722.0	89801.0	0.0	2022.0	3353.0	0.0	192.0	0.0	-134.0		3	1
false_branch	Minivess	img_2	pred_17.png	44722.0	94481.0	0.0	2022.0	3535.0	0.0	200.0	0.0	-142.0		18	1
false_branch	Minivess	img_2	pred_18.png	44722.0	100187.0	0.0	2022.0	3695.0	0.0	208.0	0.0	-150.0		4	1
false_branch	Minivess	img_2	pred_19.png	44722.0	104655.0	0.0	2022.0	3848.0	0.0	216.0	0.0	-158.0		15	1
false_branch	Minivess	img_1	gt.png	56469.0	0.0	0.0	2510.0	0.0	0.0	59.0	0.0	0.0		0	1
false_branch	Minivess	img_1	pred_0.png	56469.0	8647.0	0.0	2510.0	288.0	0.0	67.0	0.0	-8.0		2	1
false_branch	Minivess	img_1	pred_1.png	56469.0	11347.0	0.0	2510.0	379.0	0.0	71.0	0.0	-12.0		11	1
false_branch	Minivess	img_1	pred_2.png	56469.0	18515.0	0.0	2510.0	594.0	0.0	77.0	0.0	-18.0		6	1
false_branch	Minivess	img_1	pred_3.png	56469.0	21394.0	0.0	2510.0	713.0	0.0	83.0	0.0	-24.0		13	1
false_branch	Minivess	img_1	pred_4.png	56469.0	22986.0	0.0	2510.0	784.0	0.0	87.0	0.0	-28.0		7	1
false_branch	Minivess	img_1	pred_5.png	56469.0	27608.0	0.0	2510.0	961.0	0.0	93.0	0.0	-34.0		14	1
false_branch	Minivess	img_1	pred_6.png	56469.0	30783.0	0.0	2510.0	1124.0	0.0	99.0	0.0	-40.0		9	1
false_branch	Minivess	img_1	pred_7.png	56469.0	36030.0	0.0	2510.0	1273.0	0.0	103.0	0.0	-44.0		10	1
false_branch	Minivess	img_1	pred_8.png	56469.0	44700.0	0.0	2510.0	1470.0	0.0	109.0	0.0	-50.0		19	1
false_branch	Minivess	img_1	pred_9.png	56469.0	51486.0	0.0	2510.0	1612.0	0.0	113.0	0.0	-54.0		20	1
false_branch	Minivess	img_1	pred_10.png	56469.0	57978.0	0.0	2510.0	1752.0	0.0	119.0	0.0	-60.0		5	1
false_branch	Minivess	img_1	pred_11.png	56469.0	66889.0	0.0	2510.0	1975.0	0.0	125.0	0.0	-66.0		16	1
false_branch	Minivess	img_1	pred_12.png	56469.0	68136.0	0.0	2510.0	2033.0	0.0	129.0	0.0	-70.0		17	1
false_branch	Minivess	img_1	pred_13.png	56469.0	70760.0	0.0	2510.0	2190.0	0.0	135.0	0.0	-76.0		8	1
false_branch	Minivess	img_1	pred_14.png	56469.0	72803.0	0.0	2510.0	2308.0	0.0	141.0	0.0	-82.0		12	1
false_branch	Minivess	img_1	pred_15.png	56469.0	75385.0	0.0	2510.0	2454.0	0.0	145.0	0.0	-86.0		1	1
false_branch	Minivess	img_1	pred_16.png	56469.0	80247.0	0.0	2510.0	2545.0	0.0	151.0	0.0	-92.0		3	1
false_branch	Minivess	img_1	pred_17.png	56469.0	82274.0	0.0	2510.0	2679.0	0.0	157.0	0.0	-98.0		18	1
false_branch	Minivess	img_1	pred_18.png	56469.0	86808.0	0.0	2510.0	2741.0	0.0	161.0	0.0	-102.0		4	1
false_branch	Minivess	img_1	pred_19.png	56469.0	92138.0	0.0	2510.0	2878.0	0.0	167.0	0.0	-108.0		15	1
false_branch	NeuroMorpho	img_0	gt.png	59104.0	0.0	0.0	18614.0	0.0	0.0	1283.0	0.0	0.0		0	1
false_branch	NeuroMorpho	img_0	pred_0.png	59104.0	411.0	0.0	18614.0	70.0	0.0	1295.0	0.0	-12.0		2	1
false_branch	NeuroMorpho	img_0	pred_1.png	59104.0	805.0	0.0	18614.0	134.0	0.0	1305.0	0.0	-22.0		11	1
false_branch	NeuroMorpho	img_0	pred_2.png	59104.0	1011.0	0.0	18614.0	178.0	0.0	1315.0	0.0	-32.0		6	1
false_branch	NeuroMorpho	img_0	pred_3.png	59104.0	1283.0	0.0	18614.0	232.0	0.0	1325.0	0.0	-42.0		13	1
false_branch	NeuroMorpho	img_0	pred_4.png	59104.0	1570.0	0.0	18614.0	281.0	0.0	1335.0	0.0	-52.0		7	1
false_branch	NeuroMorpho	img_0	pred_5.png	59104.0	1963.0	0.0	18614.0	328.0	0.0	1345.0	0.0	-62.0		14	1
false_branch	NeuroMorpho	img_0	pred_6.png	59104.0	2288.0	0.0	18614.0	397.0	0.0	1355.0	0.0	-72.0		9	1
false_branch	NeuroMorpho	img_0	pred_7.png	59104.0	2700.0	0.0	18614.0	475.0	0.0	1365.0	0.0	-82.0		10	1
false_branch	NeuroMorpho	img_0	pred_8.png	59104.0	3048.0	0.0	18614.0	534.0	0.0	1375.0	0.0	-92.0		19	1
false_branch	NeuroMorpho	img_0	pred_9.png	59104.0	3516.0	0.0	18614.0	612.0	0.0	1385.0	0.0	-102.0		20	1
false_branch	NeuroMorpho	img_0	pred_10.png	59104.0	3907.0	0.0	18614.0	677.0	0.0	1393.0	0.0	-110.0		5	1
false_branch	NeuroMorpho	img_0	pred_11.png	59104.0	4179.0	0.0	18614.0	739.0	0.0	1403.0	0.0	-120.0		16	1
false_branch	NeuroMorpho	img_0	pred_12.png	59104.0	4694.0	0.0	18614.0	825.0	0.0	1413.0	0.0	-130.0		17	1
false_branch	NeuroMorpho	img_0	pred_13.png	59104.0	5126.0	0.0	18614.0	912.0	0.0	1423.0	0.0	-140.0		8	1
false_branch	NeuroMorpho	img_0	pred_14.png	59104.0	5423.0	0.0	18614.0	976.0	0.0	1433.0	0.0	-150.0		12	1
false_branch	NeuroMorpho	img_0	pred_15.png	59104.0	6031.0	0.0	18614.0	1088.0	0.0	1443.0	0.0	-160.0		1	1
false_branch	NeuroMorpho	img_0	pred_16.png	59104.0	6457.0	0.0	18614.0	1172.0	0.0	1453.0	0.0	-170.0		3	1
false_branch	NeuroMorpho	img_0	pred_17.png	59104.0	6805.0	0.0	18614.0	1241.0	0.0	1463.0	0.0	-180.0		18	1
false_branch	NeuroMorpho	img_0	pred_18.png	59104.0	7278.0	0.0	18614.0	1307.0	0.0	1473.0	0.0	-190.0		4	1
false_branch	NeuroMorpho	img_0	pred_19.png	59104.0	7722.0	0.0	18614.0	1378.0	0.0	1483.0	0.0	-200.0		15	1
false_branch	NeuroMorpho	img_2	gt.png	86444.0	0.0	0.0	26268.0	0.0	0.0	2176.0	0.0	0.0		0	1
false_branch	NeuroMorpho	img_2	pred_0.png	86444.0	536.0	0.0	26268.0	101.0	0.0	2188.0	0.0	-12.0		2	1
false_branch	NeuroMorpho	img_2	pred_1.png	86444.0	922.0	0.0	26268.0	163.0	0.0	2198.0	0.0	-22.0		11	1
false_branch	NeuroMorpho	img_2	pred_2.png	86444.0	1146.0	0.0	26268.0	216.0	0.0	2208.0	0.0	-32.0		6	1
false_branch	NeuroMorpho	img_2	pred_3.png	86444.0	1563.0	0.0	26268.0	265.0	0.0	2218.0	0.0	-42.0		13	1
false_branch	NeuroMorpho	img_2	pred_4.png	86444.0	2208.0	0.0	26268.0	352.0	0.0	2228.0	0.0	-52.0		7	1
false_branch	NeuroMorpho	img_2	pred_5.png	86444.0	2692.0	0.0	26268.0	425.0	0.0	2238.0	0.0	-62.0		14	1
false_branch	NeuroMorpho	img_2	pred_6.png	86444.0	3297.0	0.0	26268.0	500.0	0.0	2248.0	0.0	-72.0		9	1
false_branch	NeuroMorpho	img_2	pred_7.png	86444.0	4220.0	0.0	26268.0	598.0	0.0	2258.0	0.0	-82.0		10	1
false_branch	NeuroMorpho	img_2	pred_8.png	86444.0	4810.0	0.0	26268.0	694.0	0.0	2268.0	0.0	-92.0		19	1
false_branch	NeuroMorpho	img_2	pred_9.png	86444.0	5154.0	0.0	26268.0	756.0	0.0	2278.0	0.0	-102.0		20	1
false_branch	NeuroMorpho	img_2	pred_10.png	86444.0	5800.0	0.0	26268.0	830.0	0.0	2286.0	0.0	-110.0		5	1
false_branch	NeuroMorpho	img_2	pred_11.png	86444.0	6227.0	0.0	26268.0	908.0	0.0	2296.0	0.0	-120.0		16	1
false_branch	NeuroMorpho	img_2	pred_12.png	86444.0	6927.0	0.0	26268.0	1016.0	0.0	2306.0	0.0	-130.0		17	1
false_branch	NeuroMorpho	img_2	pred_13.png	86444.0	7300.0	0.0	26268.0	1077.0	0.0	2316.0	0.0	-140.0		8	1
false_branch	NeuroMorpho	img_2	pred_14.png	86444.0	7731.0	0.0	26268.0	1147.0	0.0	2326.0	0.0	-150.0		12	1
false_branch	NeuroMorpho	img_2	pred_15.png	86444.0	8387.0	0.0	26268.0	1223.0	0.0	2336.0	0.0	-160.0		1	1
false_branch	NeuroMorpho	img_2	pred_16.png	86444.0	9252.0	0.0	26268.0	1308.0	0.0	2346.0	0.0	-170.0		3	1
false_branch	NeuroMorpho	img_2	pred_17.png	86444.0	9932.0	0.0	26268.0	1386.0	0.0	2356.0	0.0	-180.0		18	1
false_branch	NeuroMorpho	img_2	pred_18.png	86444.0	10299.0	0.0	26268.0	1444.0	0.0	2366.0	0.0	-190.0		4	1
false_branch	NeuroMorpho	img_2	pred_19.png	86444.0	10689.0	0.0	26268.0	1499.0	0.0	2376.0	0.0	-200.0		15	1
false_branch	NeuroMorpho	img_1	gt.png	67749.0	0.0	0.0	21776.0	0.0	0.0	1661.0	0.0	0.0		0	1
false_branch	NeuroMorpho	img_1	pred_0.png	67749.0	893.0	0.0	21776.0	123.0	0.0	1673.0	0.0	-12.0		2	1
false_branch	NeuroMorpho	img_1	pred_1.png	67749.0	1615.0	0.0	21776.0	222.0	0.0	1683.0	0.0	-22.0		11	1
false_branch	NeuroMorpho	img_1	pred_2.png	67749.0	2032.0	0.0	21776.0	291.0	0.0	1693.0	0.0	-32.0		6	1
false_branch	NeuroMorpho	img_1	pred_3.png	67749.0	2656.0	0.0	21776.0	382.0	0.0	1703.0	0.0	-42.0		13	1
false_branch	NeuroMorpho	img_1	pred_4.png	67749.0	3078.0	0.0	21776.0	452.0	0.0	1713.0	0.0	-52.0		7	1
false_branch	NeuroMorpho	img_1	pred_5.png	67749.0	3660.0	0.0	21776.0	544.0	0.0	1723.0	0.0	-62.0		14	1
false_branch	NeuroMorpho	img_1	pred_6.png	67749.0	4114.0	0.0	21776.0	622.0	0.0	1733.0	0.0	-72.0		9	1
false_branch	NeuroMorpho	img_1	pred_7.png	67749.0	4498.0	0.0	21776.0	682.0	0.0	1743.0	0.0	-82.0		10	1
false_branch	NeuroMorpho	img_1	pred_8.png	67749.0	5037.0	0.0	21776.0	770.0	0.0	1753.0	0.0	-92.0		19	1
false_branch	NeuroMorpho	img_1	pred_9.png	67749.0	5178.0	0.0	21776.0	804.0	0.0	1763.0	0.0	-102.0		20	1
false_branch	NeuroMorpho	img_1	pred_10.png	67749.0	5704.0	0.0	21776.0	880.0	0.0	1771.0	0.0	-110.0		5	1
false_branch	NeuroMorpho	img_1	pred_11.png	67749.0	6241.0	0.0	21776.0	951.0	0.0	1781.0	0.0	-120.0		16	1
false_branch	NeuroMorpho	img_1	pred_12.png	67749.0	6886.0	0.0	21776.0	1042.0	0.0	1791.0	0.0	-130.0		17	1
false_branch	NeuroMorpho	img_1	pred_13.png	67749.0	7459.0	0.0	21776.0	1143.0	0.0	1801.0	0.0	-140.0		8	1
false_branch	NeuroMorpho	img_1	pred_14.png	67749.0	8008.0	0.0	21776.0	1240.0	0.0	1811.0	0.0	-150.0		12	1
false_branch	NeuroMorpho	img_1	pred_15.png	67749.0	8454.0	0.0	21776.0	1296.0	0.0	1821.0	0.0	-160.0		1	1
false_branch	NeuroMorpho	img_1	pred_16.png	67749.0	9323.0	0.0	21776.0	1416.0	0.0	1831.0	0.0	-170.0		3	1
false_branch	NeuroMorpho	img_1	pred_17.png	67749.0	9803.0	0.0	21776.0	1482.0	0.0	1841.0	0.0	-180.0		18	1
false_branch	NeuroMorpho	img_1	pred_18.png	67749.0	10368.0	0.0	21776.0	1561.0	0.0	1851.0	0.0	-190.0		4	1
false_branch	NeuroMorpho	img_1	pred_19.png	67749.0	11103.0	0.0	21776.0	1662.0	0.0	1861.0	0.0	-200.0		15	1
branch_merging	Roads	img_0	gt.png	148257.0	0.0	0.0	21040.0	0.0	0.0	311.0	0.0	0.0		0	1
branch_merging	Roads	img_2	gt.png	206563.0	0.0	0.0	31942.0	0.0	0.0	345.0	0.0	0.0		0	1
branch_merging	Roads	img_2	pred_0.png	206563.0	53.0	0.0	31942.0	18.0	0.0	343.0	0.0	2.0		1	1
branch_merging	Roads	img_2	pred_1.png	206563.0	155.0	0.0	31942.0	47.0	0.0	341.0	0.0	4.0		8	1
branch_merging	Roads	img_2	pred_2.png	206563.0	200.0	0.0	31942.0	61.0	0.0	339.0	0.0	6.0		3	1
branch_merging	Roads	img_2	pred_3.png	206563.0	259.0	0.0	31942.0	83.0	0.0	338.0	0.0	7.0		9	1
branch_merging	Roads	img_2	pred_4.png	206563.0	353.0	0.0	31942.0	110.0	0.0	336.0	0.0	9.0		4	1
branch_merging	Roads	img_2	pred_5.png	206563.0	402.0	0.0	31942.0	123.0	0.0	334.0	0.0	11.0		10	1
branch_merging	Roads	img_2	pred_6.png	206563.0	518.0	0.0	31942.0	155.0	0.0	332.0	0.0	13.0		6	1
branch_merging	Roads	img_2	pred_7.png	206563.0	560.0	0.0	31942.0	167.0	0.0	331.0	0.0	14.0		7	1
branch_merging	Roads	img_2	pred_8.png	206563.0	4930.0	0.0	31942.0	604.0	0.0	329.0	0.0	16.0		13	1
branch_merging	Roads	img_2	pred_9.png	206563.0	8870.0	0.0	31942.0	1006.0	0.0	327.0	0.0	18.0		14	1
branch_merging	Roads	img_2	pred_10.png	206563.0	9013.0	0.0	31942.0	1035.0	0.0	325.0	0.0	20.0		2	1
branch_merging	Roads	img_2	pred_11.png	206563.0	9058.0	0.0	31942.0	1046.0	0.0	324.0	0.0	21.0		11	1
branch_merging	Roads	img_2	pred_12.png	206563.0	9121.0	0.0	31942.0	1061.0	0.0	323.0	0.0	22.0		12	1
branch_merging	Roads	img_2	pred_13.png	206563.0	9298.0	0.0	31942.0	1095.0	0.0	322.0	0.0	23.0		5	1
branch_merging	Roads	img_1	gt.png	190626.0	0.0	0.0	26311.0	0.0	0.0	513.0	0.0	0.0		0	1
branch_merging	Roads	img_1	pred_0.png	190626.0	603.0	0.0	26311.0	44.0	0.0	512.0	0.0	1.0		1	1
branch_merging	Roads	img_1	pred_1.png	190626.0	2670.0	0.0	26311.0	343.0	0.0	510.0	0.0	3.0		8	1
branch_merging	Roads	img_1	pred_2.png	190626.0	3290.0	0.0	26311.0	494.0	0.0	508.0	0.0	5.0		3	1
branch_merging	Roads	img_1	pred_3.png	190626.0	4407.0	0.0	26311.0	661.0	0.0	507.0	0.0	6.0		9	1
branch_merging	Roads	img_1	pred_4.png	190626.0	7550.0	0.0	26311.0	903.0	0.0	505.0	0.0	8.0		4	1
branch_merging	Roads	img_1	pred_5.png	190626.0	9855.0	0.0	26311.0	1158.0	0.0	503.0	0.0	10.0		10	1
branch_merging	Roads	img_1	pred_6.png	190626.0	9953.0	0.0	26311.0	1192.0	0.0	502.0	0.0	11.0		6	1
branch_merging	Roads	img_1	pred_7.png	190626.0	10001.0	0.0	26311.0	1203.0	0.0	501.0	0.0	12.0		7	1
branch_merging	Roads	img_1	pred_8.png	190626.0	10135.0	0.0	26311.0	1222.0	0.0	500.0	0.0	13.0		13	1
branch_merging	Roads	img_1	pred_9.png	190626.0	10694.0	0.0	26311.0	1278.0	0.0	498.0	0.0	15.0		14	1
branch_merging	Roads	img_1	pred_10.png	190626.0	10850.0	0.0	26311.0	1324.0	0.0	497.0	0.0	16.0		2	1
branch_merging	Roads	img_1	pred_11.png	190626.0	14073.0	0.0	26311.0	1559.0	0.0	495.0	0.0	18.0		11	1
branch_merging	Roads	img_1	pred_12.png	190626.0	14156.0	0.0	26311.0	1584.0	0.0	494.0	0.0	19.0		12	1
branch_merging	Roads	img_1	pred_13.png	190626.0	14200.0	0.0	26311.0	1601.0	0.0	493.0	0.0	20.0		5	1
branch_merging	Colon_cells	img_0	gt.png	11002.0	0.0	0.0	608.0	0.0	0.0	149.0	0.0	0.0		0	1
branch_merging	Colon_cells	img_2	gt.png	22641.0	0.0	0.0	1257.0	0.0	0.0	240.0	0.0	0.0		0	1
branch_merging	Colon_cells	img_1	gt.png	23563.0	0.0	0.0	1374.0	0.0	0.0	286.0	0.0	0.0		0	1
branch_merging	CREMI	img_0	gt.png	25478.0	0.0	0.0	8960.0	0.0	0.0	1044.0	0.0	0.0		0	1
branch_merging	CREMI	img_0	pred_0.png	25478.0	410.0	0.0	8960.0	47.0	0.0	1034.0	0.0	10.0		2	1
branch_merging	CREMI	img_0	pred_1.png	25478.0	883.0	0.0	8960.0	97.0	0.0	1026.0	0.0	18.0		11	1
branch_merging	CREMI	img_0	pred_2.png	25478.0	982.0	0.0	8960.0	114.0	0.0	1021.0	0.0	23.0		6	1
branch_merging	CREMI	img_0	pred_3.png	25478.0	1168.0	0.0	8960.0	157.0	0.0	1016.0	0.0	28.0		13	1
branch_merging	CREMI	img_0	pred_4.png	25478.0	1384.0	0.0	8960.0	190.0	0.0	1010.0	0.0	34.0		7	1
branch_merging	CREMI	img_0	pred_5.png	25478.0	1511.0	0.0	8960.0	204.0	0.0	1005.0	0.0	39.0		14	1
branch_merging	CREMI	img_0	pred_6.png	25478.0	1681.0	0.0	8960.0	237.0	0.0	997.0	0.0	47.0		9	1
branch_merging	CREMI	img_0	pred_7.png	25478.0	1879.0	0.0	8960.0	277.0	0.0	991.0	0.0	53.0		10	1
branch_merging	CREMI	img_0	pred_8.png	25478.0	1969.0	0.0	8960.0	302.0	0.0	986.0	0.0	58.0		19	1
branch_merging	CREMI	img_0	pred_9.png	25478.0	2307.0	0.0	8960.0	361.0	0.0	982.0	0.0	62.0		20	1
branch_merging	CREMI	img_0	pred_10.png	25478.0	2493.0	0.0	8960.0	393.0	0.0	979.0	0.0	65.0		5	1
branch_merging	CREMI	img_0	pred_11.png	25478.0	2662.0	0.0	8960.0	434.0	0.0	973.0	0.0	71.0		16	1
branch_merging	CREMI	img_0	pred_12.png	25478.0	2787.0	0.0	8960.0	471.0	0.0	970.0	0.0	74.0		17	1
branch_merging	CREMI	img_0	pred_13.png	25478.0	3242.0	0.0	8960.0	547.0	0.0	964.0	0.0	80.0		8	1
branch_merging	CREMI	img_0	pred_14.png	25478.0	3365.0	0.0	8960.0	581.0	0.0	962.0	0.0	82.0		12	1
branch_merging	CREMI	img_0	pred_15.png	25478.0	3596.0	0.0	8960.0	613.0	0.0	957.0	0.0	87.0		1	1
branch_merging	CREMI	img_0	pred_16.png	25478.0	3844.0	0.0	8960.0	657.0	0.0	951.0	0.0	93.0		3	1
branch_merging	CREMI	img_0	pred_17.png	25478.0	3918.0	0.0	8960.0	683.0	0.0	948.0	0.0	96.0		18	1
branch_merging	CREMI	img_0	pred_18.png	25478.0	4121.0	0.0	8960.0	734.0	0.0	945.0	0.0	99.0		4	1
branch_merging	CREMI	img_0	pred_19.png	25478.0	4328.0	0.0	8960.0	777.0	0.0	942.0	0.0	102.0		15	1
branch_merging	CREMI	img_2	gt.png	25641.0	0.0	0.0	9016.0	0.0	0.0	1060.0	0.0	0.0		0	1
branch_merging	CREMI	img_2	pred_0.png	25641.0	316.0	0.0	9016.0	39.0	0.0	1051.0	0.0	9.0		2	1
branch_merging	CREMI	img_2	pred_1.png	25641.0	395.0	0.0	9016.0	57.0	0.0	1046.0	0.0	14.0		11	1
branch_merging	CREMI	img_2	pred_2.png	25641.0	700.0	0.0	9016.0	126.0	0.0	1041.0	0.0	19.0		6	1
branch_merging	CREMI	img_2	pred_3.png	25641.0	781.0	0.0	9016.0	142.0	0.0	1039.0	0.0	21.0		13	1
branch_merging	CREMI	img_2	pred_4.png	25641.0	1057.0	0.0	9016.0	186.0	0.0	1031.0	0.0	29.0		7	1
branch_merging	CREMI	img_2	pred_5.png	25641.0	1133.0	0.0	9016.0	211.0	0.0	1023.0	0.0	37.0		14	1
branch_merging	CREMI	img_2	pred_6.png	25641.0	1181.0	0.0	9016.0	227.0	0.0	1021.0	0.0	39.0		9	1
branch_merging	CREMI	img_2	pred_7.png	25641.0	1493.0	0.0	9016.0	288.0	0.0	1014.0	0.0	46.0		10	1
branch_merging	CREMI	img_2	pred_8.png	25641.0	1566.0	0.0	9016.0	312.0	0.0	1010.0	0.0	50.0		19	1
branch_merging	CREMI	img_2	pred_9.png	25641.0	1718.0	0.0	9016.0	350.0	0.0	1006.0	0.0	54.0		20	1
branch_merging	CREMI	img_2	pred_10.png	25641.0	2089.0	0.0	9016.0	411.0	0.0	998.0	0.0	62.0		5	1
branch_merging	CREMI	img_2	pred_11.png	25641.0	2144.0	0.0	9016.0	433.0	0.0	996.0	0.0	64.0		16	1
branch_merging	CREMI	img_2	pred_12.png	25641.0	2522.0	0.0	9016.0	503.0	0.0	990.0	0.0	70.0		17	1
branch_merging	CREMI	img_2	pred_13.png	25641.0	2730.0	0.0	9016.0	530.0	0.0	987.0	0.0	73.0		8	1
branch_merging	CREMI	img_2	pred_14.png	25641.0	2919.0	0.0	9016.0	561.0	0.0	982.0	0.0	78.0		12	1
branch_merging	CREMI	img_2	pred_15.png	25641.0	3327.0	0.0	9016.0	616.0	0.0	978.0	0.0	82.0		1	1
branch_merging	CREMI	img_2	pred_16.png	25641.0	3357.0	0.0	9016.0	632.0	0.0	975.0	0.0	85.0		3	1
branch_merging	CREMI	img_2	pred_17.png	25641.0	3496.0	0.0	9016.0	667.0	0.0	972.0	0.0	88.0		18	1
branch_merging	CREMI	img_2	pred_18.png	25641.0	4014.0	0.0	9016.0	743.0	0.0	969.0	0.0	91.0		4	1
branch_merging	CREMI	img_2	pred_19.png	25641.0	4111.0	0.0	9016.0	768.0	0.0	963.0	0.0	97.0		15	1
branch_merging	CREMI	img_1	gt.png	25520.0	0.0	0.0	8892.0	0.0	0.0	959.0	0.0	0.0		0	1
branch_merging	CREMI	img_1	pred_0.png	25520.0	338.0	0.0	8892.0	46.0	0.0	949.0	0.0	10.0		2	1
branch_merging	CREMI	img_1	pred_1.png	25520.0	419.0	0.0	8892.0	65.0	0.0	946.0	0.0	13.0		11	1
branch_merging	CREMI	img_1	pred_2.png	25520.0	471.0	0.0	8892.0	84.0	0.0	942.0	0.0	17.0		6	1
branch_merging	CREMI	img_1	pred_3.png	25520.0	902.0	0.0	8892.0	141.0	0.0	933.0	0.0	26.0		13	1
branch_merging	CREMI	img_1	pred_4.png	25520.0	966.0	0.0	8892.0	155.0	0.0	931.0	0.0	28.0		7	1
branch_merging	CREMI	img_1	pred_5.png	25520.0	1088.0	0.0	8892.0	194.0	0.0	925.0	0.0	34.0		14	1
branch_merging	CREMI	img_1	pred_6.png	25520.0	1351.0	0.0	8892.0	236.0	0.0	918.0	0.0	41.0		9	1
branch_merging	CREMI	img_1	pred_7.png	25520.0	1634.0	0.0	8892.0	265.0	0.0	914.0	0.0	45.0		10	1
branch_merging	CREMI	img_1	pred_8.png	25520.0	1716.0	0.0	8892.0	283.0	0.0	906.0	0.0	53.0		19	1
branch_merging	CREMI	img_1	pred_9.png	25520.0	1994.0	0.0	8892.0	341.0	0.0	904.0	0.0	55.0		20	1
branch_merging	CREMI	img_1	pred_10.png	25520.0	2195.0	0.0	8892.0	379.0	0.0	896.0	0.0	63.0		5	1
branch_merging	CREMI	img_1	pred_11.png	25520.0	2347.0	0.0	8892.0	417.0	0.0	891.0	0.0	68.0		16	1
branch_merging	CREMI	img_1	pred_12.png	25520.0	2638.0	0.0	8892.0	445.0	0.0	889.0	0.0	70.0		17	1
branch_merging	CREMI	img_1	pred_13.png	25520.0	2912.0	0.0	8892.0	502.0	0.0	886.0	0.0	73.0		8	1
branch_merging	CREMI	img_1	pred_14.png	25520.0	3500.0	0.0	8892.0	574.0	0.0	882.0	0.0	77.0		12	1
branch_merging	CREMI	img_1	pred_15.png	25520.0	3868.0	0.0	8892.0	664.0	0.0	879.0	0.0	80.0		1	1
branch_merging	CREMI	img_1	pred_16.png	25520.0	4147.0	0.0	8892.0	704.0	0.0	873.0	0.0	86.0		3	1
branch_merging	CREMI	img_1	pred_17.png	25520.0	4355.0	0.0	8892.0	746.0	0.0	870.0	0.0	89.0		18	1
branch_merging	CREMI	img_1	pred_18.png	25520.0	4441.0	0.0	8892.0	775.0	0.0	868.0	0.0	91.0		4	1
branch_merging	CREMI	img_1	pred_19.png	25520.0	5000.0	0.0	8892.0	863.0	0.0	864.0	0.0	95.0		15	1
branch_merging	LES-AV	img_0	gt.png	158725.0	0.0	0.0	16428.0	0.0	0.0	154.0	0.0	0.0		0	1
branch_merging	LES-AV	img_0	pred_0.png	158725.0	354.0	0.0	16428.0	42.0	0.0	152.0	0.0	2.0		2	1
branch_merging	LES-AV	img_0	pred_1.png	158725.0	497.0	0.0	16428.0	69.0	0.0	150.0	0.0	4.0		10	1
branch_merging	LES-AV	img_0	pred_2.png	158725.0	735.0	0.0	16428.0	126.0	0.0	148.0	0.0	6.0		5	1
branch_merging	LES-AV	img_0	pred_3.png	158725.0	4321.0	0.0	16428.0	328.0	0.0	147.0	0.0	7.0		12	1
branch_merging	LES-AV	img_0	pred_4.png	158725.0	4998.0	0.0	16428.0	399.0	0.0	145.0	0.0	9.0		6	1
branch_merging	LES-AV	img_0	pred_5.png	158725.0	5415.0	0.0	16428.0	449.0	0.0	144.0	0.0	10.0		13	1
branch_merging	LES-AV	img_0	pred_6.png	158725.0	5675.0	0.0	16428.0	491.0	0.0	142.0	0.0	12.0		8	1
branch_merging	LES-AV	img_0	pred_7.png	158725.0	9131.0	0.0	16428.0	646.0	0.0	140.0	0.0	14.0		9	1
branch_merging	LES-AV	img_0	pred_8.png	158725.0	9333.0	0.0	16428.0	679.0	0.0	139.0	0.0	15.0		16	1
branch_merging	LES-AV	img_0	pred_9.png	158725.0	15022.0	0.0	16428.0	897.0	0.0	135.0	0.0	19.0		17	1
branch_merging	LES-AV	img_0	pred_10.png	158725.0	17162.0	0.0	16428.0	997.0	0.0	133.0	0.0	21.0		4	1
branch_merging	LES-AV	img_0	pred_11.png	158725.0	22839.0	0.0	16428.0	1169.0	0.0	131.0	0.0	23.0		14	1
branch_merging	LES-AV	img_0	pred_12.png	158725.0	24029.0	0.0	16428.0	1246.0	0.0	129.0	0.0	25.0		15	1
branch_merging	LES-AV	img_0	pred_13.png	158725.0	24197.0	0.0	16428.0	1290.0	0.0	128.0	0.0	26.0		7	1
branch_merging	LES-AV	img_0	pred_14.png	158725.0	24579.0	0.0	16428.0	1339.0	0.0	127.0	0.0	27.0		11	1
branch_merging	LES-AV	img_0	pred_15.png	158725.0	27250.0	0.0	16428.0	1487.0	0.0	126.0	0.0	28.0		1	1
branch_merging	LES-AV	img_0	pred_16.png	158725.0	32763.0	0.0	16428.0	1732.0	0.0	125.0	0.0	29.0		3	1
branch_merging	LES-AV	img_2	gt.png	224228.0	0.0	0.0	18647.0	0.0	0.0	179.0	0.0	0.0		0	1
branch_merging	LES-AV	img_2	pred_0.png	224228.0	7354.0	0.0	18647.0	300.0	0.0	177.0	0.0	2.0		2	1
branch_merging	LES-AV	img_2	pred_1.png	224228.0	7991.0	0.0	18647.0	366.0	0.0	175.0	0.0	4.0		10	1
branch_merging	LES-AV	img_2	pred_2.png	224228.0	8409.0	0.0	18647.0	405.0	0.0	173.0	0.0	6.0		5	1
branch_merging	LES-AV	img_2	pred_3.png	224228.0	11442.0	0.0	18647.0	540.0	0.0	171.0	0.0	8.0		12	1
branch_merging	LES-AV	img_2	pred_4.png	224228.0	13485.0	0.0	18647.0	681.0	0.0	169.0	0.0	10.0		6	1
branch_merging	LES-AV	img_2	pred_5.png	224228.0	26263.0	0.0	18647.0	1021.0	0.0	167.0	0.0	12.0		13	1
branch_merging	LES-AV	img_2	pred_6.png	224228.0	34059.0	0.0	18647.0	1300.0	0.0	165.0	0.0	14.0		8	1
branch_merging	LES-AV	img_2	pred_7.png	224228.0	40202.0	0.0	18647.0	1588.0	0.0	163.0	0.0	16.0		9	1
branch_merging	LES-AV	img_2	pred_8.png	224228.0	41701.0	0.0	18647.0	1676.0	0.0	161.0	0.0	18.0		16	1
branch_merging	LES-AV	img_2	pred_9.png	224228.0	45815.0	0.0	18647.0	1869.0	0.0	159.0	0.0	20.0		17	1
branch_merging	LES-AV	img_2	pred_10.png	224228.0	50822.0	0.0	18647.0	2048.0	0.0	157.0	0.0	22.0		4	1
branch_merging	LES-AV	img_2	pred_11.png	224228.0	51862.0	0.0	18647.0	2122.0	0.0	155.0	0.0	24.0		14	1
branch_merging	LES-AV	img_2	pred_12.png	224228.0	53524.0	0.0	18647.0	2226.0	0.0	153.0	0.0	26.0		15	1
branch_merging	LES-AV	img_2	pred_13.png	224228.0	77536.0	0.0	18647.0	2756.0	0.0	152.0	0.0	27.0		7	1
branch_merging	LES-AV	img_2	pred_14.png	224228.0	88771.0	0.0	18647.0	3013.0	0.0	150.0	0.0	29.0		11	1
branch_merging	LES-AV	img_2	pred_15.png	224228.0	94539.0	0.0	18647.0	3194.0	0.0	148.0	0.0	31.0		1	1
branch_merging	LES-AV	img_2	pred_16.png	224228.0	104358.0	0.0	18647.0	3426.0	0.0	146.0	0.0	33.0		3	1
branch_merging	LES-AV	img_1	gt.png	209704.0	0.0	0.0	20096.0	0.0	0.0	204.0	0.0	0.0		0	1
branch_merging	LES-AV	img_1	pred_0.png	209704.0	6452.0	0.0	20096.0	326.0	0.0	200.0	0.0	4.0		2	1
branch_merging	LES-AV	img_1	pred_1.png	209704.0	20211.0	0.0	20096.0	645.0	0.0	198.0	0.0	6.0		11	1
branch_merging	LES-AV	img_1	pred_2.png	209704.0	25939.0	0.0	20096.0	910.0	0.0	194.0	0.0	10.0		6	1
branch_merging	LES-AV	img_1	pred_3.png	209704.0	26650.0	0.0	20096.0	951.0	0.0	192.0	0.0	12.0		13	1
branch_merging	LES-AV	img_1	pred_4.png	209704.0	26791.0	0.0	20096.0	981.0	0.0	188.0	0.0	16.0		7	1
branch_merging	LES-AV	img_1	pred_5.png	209704.0	29966.0	0.0	20096.0	1145.0	0.0	185.0	0.0	19.0		14	1
branch_merging	LES-AV	img_1	pred_6.png	209704.0	31214.0	0.0	20096.0	1262.0	0.0	183.0	0.0	21.0		9	1
branch_merging	LES-AV	img_1	pred_7.png	209704.0	32092.0	0.0	20096.0	1330.0	0.0	182.0	0.0	22.0		10	1
branch_merging	LES-AV	img_1	pred_8.png	209704.0	33659.0	0.0	20096.0	1459.0	0.0	180.0	0.0	24.0		19	1
branch_merging	LES-AV	img_1	pred_9.png	209704.0	42976.0	0.0	20096.0	1765.0	0.0	178.0	0.0	26.0		20	1
branch_merging	LES-AV	img_1	pred_10.png	209704.0	49796.0	0.0	20096.0	2037.0	0.0	175.0	0.0	29.0		5	1
branch_merging	LES-AV	img_1	pred_11.png	209704.0	50712.0	0.0	20096.0	2112.0	0.0	174.0	0.0	30.0		16	1
branch_merging	LES-AV	img_1	pred_12.png	209704.0	66860.0	0.0	20096.0	2669.0	0.0	170.0	0.0	34.0		17	1
branch_merging	LES-AV	img_1	pred_13.png	209704.0	77249.0	0.0	20096.0	2914.0	0.0	167.0	0.0	37.0		8	1
branch_merging	LES-AV	img_1	pred_14.png	209704.0	78027.0	0.0	20096.0	2973.0	0.0	166.0	0.0	38.0		12	1
branch_merging	LES-AV	img_1	pred_15.png	209704.0	80446.0	0.0	20096.0	3095.0	0.0	165.0	0.0	39.0		1	1
branch_merging	LES-AV	img_1	pred_16.png	209704.0	85347.0	0.0	20096.0	3275.0	0.0	164.0	0.0	40.0		3	1
branch_merging	LES-AV	img_1	pred_17.png	209704.0	96846.0	0.0	20096.0	3565.0	0.0	162.0	0.0	42.0		18	1
branch_merging	LES-AV	img_1	pred_18.png	209704.0	106062.0	0.0	20096.0	3833.0	0.0	158.0	0.0	46.0		4	1
branch_merging	LES-AV	img_1	pred_19.png	209704.0	106839.0	0.0	20096.0	3913.0	0.0	156.0	0.0	48.0		15	1
branch_merging	Minivess	img_0	gt.png	63267.0	0.0	0.0	3009.0	0.0	0.0	64.0	0.0	0.0		0	1
branch_merging	Minivess	img_2	gt.png	44722.0	0.0	0.0	2022.0	0.0	0.0	58.0	0.0	0.0		0	1
branch_merging	Minivess	img_1	gt.png	56469.0	0.0	0.0	2510.0	0.0	0.0	59.0	0.0	0.0		0	1
branch_merging	NeuroMorpho	img_0	gt.png	59104.0	0.0	0.0	18614.0	0.0	0.0	1283.0	0.0	0.0		0	1
branch_merging	NeuroMorpho	img_0	pred_0.png	59104.0	737.0	0.0	18614.0	133.0	0.0	1271.0	0.0	12.0		2	1
branch_merging	NeuroMorpho	img_0	pred_1.png	59104.0	1216.0	0.0	18614.0	227.0	0.0	1258.0	0.0	25.0		11	1
branch_merging	NeuroMorpho	img_0	pred_2.png	59104.0	1804.0	0.0	18614.0	344.0	0.0	1245.0	0.0	38.0		6	1
branch_merging	NeuroMorpho	img_0	pred_3.png	59104.0	2091.0	0.0	18614.0	411.0	0.0	1235.0	0.0	48.0		13	1
branch_merging	NeuroMorpho	img_0	pred_4.png	59104.0	2395.0	0.0	18614.0	494.0	0.0	1222.0	0.0	61.0		7	1
branch_merging	NeuroMorpho	img_0	pred_5.png	59104.0	2894.0	0.0	18614.0	613.0	0.0	1210.0	0.0	73.0		14	1
branch_merging	NeuroMorpho	img_0	pred_6.png	59104.0	3187.0	0.0	18614.0	684.0	0.0	1200.0	0.0	83.0		9	1
branch_merging	NeuroMorpho	img_0	pred_7.png	59104.0	3975.0	0.0	18614.0	761.0	0.0	1190.0	0.0	93.0		10	1
branch_merging	NeuroMorpho	img_0	pred_8.png	59104.0	4492.0	0.0	18614.0	881.0	0.0	1178.0	0.0	105.0		19	1
branch_merging	NeuroMorpho	img_0	pred_9.png	59104.0	4789.0	0.0	18614.0	946.0	0.0	1169.0	0.0	114.0		20	1
branch_merging	NeuroMorpho	img_0	pred_10.png	59104.0	5451.0	0.0	18614.0	1033.0	0.0	1161.0	0.0	122.0		5	1
branch_merging	NeuroMorpho	img_0	pred_11.png	59104.0	5743.0	0.0	18614.0	1093.0	0.0	1152.0	0.0	131.0		16	1
branch_merging	NeuroMorpho	img_0	pred_12.png	59104.0	6107.0	0.0	18614.0	1179.0	0.0	1144.0	0.0	139.0		17	1
branch_merging	NeuroMorpho	img_0	pred_13.png	59104.0	6720.0	0.0	18614.0	1278.0	0.0	1135.0	0.0	148.0		8	1
branch_merging	NeuroMorpho	img_0	pred_14.png	59104.0	7164.0	0.0	18614.0	1364.0	0.0	1125.0	0.0	158.0		12	1
branch_merging	NeuroMorpho	img_0	pred_15.png	59104.0	7413.0	0.0	18614.0	1438.0	0.0	1117.0	0.0	166.0		1	1
branch_merging	NeuroMorpho	img_0	pred_16.png	59104.0	7951.0	0.0	18614.0	1532.0	0.0	1103.0	0.0	180.0		3	1
branch_merging	NeuroMorpho	img_0	pred_17.png	59104.0	8300.0	0.0	18614.0	1598.0	0.0	1094.0	0.0	189.0		18	1
branch_merging	NeuroMorpho	img_0	pred_18.png	59104.0	8828.0	0.0	18614.0	1662.0	0.0	1083.0	0.0	200.0		4	1
branch_merging	NeuroMorpho	img_0	pred_19.png	59104.0	9060.0	0.0	18614.0	1728.0	0.0	1073.0	0.0	210.0		15	1
branch_merging	NeuroMorpho	img_2	gt.png	86444.0	0.0	0.0	26268.0	0.0	0.0	2176.0	0.0	0.0		0	1
branch_merging	NeuroMorpho	img_2	pred_0.png	86444.0	647.0	0.0	26268.0	120.0	0.0	2164.0	0.0	12.0		2	1
branch_merging	NeuroMorpho	img_2	pred_1.png	86444.0	1083.0	0.0	26268.0	209.0	0.0	2154.0	0.0	22.0		11	1
branch_merging	NeuroMorpho	img_2	pred_2.png	86444.0	1429.0	0.0	26268.0	303.0	0.0	2143.0	0.0	33.0		6	1
branch_merging	NeuroMorpho	img_2	pred_3.png	86444.0	1959.0	0.0	26268.0	391.0	0.0	2130.0	0.0	46.0		13	1
branch_merging	NeuroMorpho	img_2	pred_4.png	86444.0	2417.0	0.0	26268.0	466.0	0.0	2120.0	0.0	56.0		7	1
branch_merging	NeuroMorpho	img_2	pred_5.png	86444.0	2910.0	0.0	26268.0	568.0	0.0	2111.0	0.0	65.0		14	1
branch_merging	NeuroMorpho	img_2	pred_6.png	86444.0	3809.0	0.0	26268.0	702.0	0.0	2102.0	0.0	74.0		9	1
branch_merging	NeuroMorpho	img_2	pred_7.png	86444.0	4053.0	0.0	26268.0	751.0	0.0	2093.0	0.0	83.0		10	1
branch_merging	NeuroMorpho	img_2	pred_8.png	86444.0	4298.0	0.0	26268.0	830.0	0.0	2085.0	0.0	91.0		19	1
branch_merging	NeuroMorpho	img_2	pred_9.png	86444.0	4780.0	0.0	26268.0	925.0	0.0	2076.0	0.0	100.0		20	1
branch_merging	NeuroMorpho	img_2	pred_10.png	86444.0	5015.0	0.0	26268.0	993.0	0.0	2068.0	0.0	108.0		5	1
branch_merging	NeuroMorpho	img_2	pred_11.png	86444.0	5951.0	0.0	26268.0	1111.0	0.0	2057.0	0.0	119.0		16	1
branch_merging	NeuroMorpho	img_2	pred_12.png	86444.0	6878.0	0.0	26268.0	1285.0	0.0	2045.0	0.0	131.0		17	1
branch_merging	NeuroMorpho	img_2	pred_13.png	86444.0	7273.0	0.0	26268.0	1403.0	0.0	2031.0	0.0	145.0		8	1
branch_merging	NeuroMorpho	img_2	pred_14.png	86444.0	8247.0	0.0	26268.0	1553.0	0.0	2021.0	0.0	155.0		12	1
branch_merging	NeuroMorpho	img_2	pred_15.png	86444.0	9011.0	0.0	26268.0	1690.0	0.0	2010.0	0.0	166.0		1	1
branch_merging	NeuroMorpho	img_2	pred_16.png	86444.0	9697.0	0.0	26268.0	1791.0	0.0	2000.0	0.0	176.0		3	1
branch_merging	NeuroMorpho	img_2	pred_17.png	86444.0	10175.0	0.0	26268.0	1903.0	0.0	1987.0	0.0	189.0		18	1
branch_merging	NeuroMorpho	img_2	pred_18.png	86444.0	10635.0	0.0	26268.0	2013.0	0.0	1976.0	0.0	200.0		4	1
branch_merging	NeuroMorpho	img_2	pred_19.png	86444.0	11994.0	0.0	26268.0	2195.0	0.0	1964.0	0.0	212.0		15	1
branch_merging	NeuroMorpho	img_1	gt.png	67749.0	0.0	0.0	21776.0	0.0	0.0	1661.0	0.0	0.0		0	1
branch_merging	NeuroMorpho	img_1	pred_0.png	67749.0	327.0	0.0	21776.0	70.0	0.0	1648.0	0.0	13.0		2	1
branch_merging	NeuroMorpho	img_1	pred_1.png	67749.0	767.0	0.0	21776.0	151.0	0.0	1636.0	0.0	25.0		11	1
branch_merging	NeuroMorpho	img_1	pred_2.png	67749.0	1432.0	0.0	21776.0	258.0	0.0	1627.0	0.0	34.0		6	1
branch_merging	NeuroMorpho	img_1	pred_3.png	67749.0	1680.0	0.0	21776.0	331.0	0.0	1617.0	0.0	44.0		13	1
branch_merging	NeuroMorpho	img_1	pred_4.png	67749.0	3104.0	0.0	21776.0	568.0	0.0	1598.0	0.0	63.0		7	1
branch_merging	NeuroMorpho	img_1	pred_5.png	67749.0	3593.0	0.0	21776.0	665.0	0.0	1589.0	0.0	72.0		14	1
branch_merging	NeuroMorpho	img_1	pred_6.png	67749.0	4713.0	0.0	21776.0	853.0	0.0	1577.0	0.0	84.0		9	1
branch_merging	NeuroMorpho	img_1	pred_7.png	67749.0	5006.0	0.0	21776.0	927.0	0.0	1569.0	0.0	92.0		10	1
branch_merging	NeuroMorpho	img_1	pred_8.png	67749.0	5331.0	0.0	21776.0	997.0	0.0	1561.0	0.0	100.0		19	1
branch_merging	NeuroMorpho	img_1	pred_9.png	67749.0	5613.0	0.0	21776.0	1081.0	0.0	1548.0	0.0	113.0		20	1
branch_merging	NeuroMorpho	img_1	pred_10.png	67749.0	5877.0	0.0	21776.0	1132.0	0.0	1541.0	0.0	120.0		5	1
branch_merging	NeuroMorpho	img_1	pred_11.png	67749.0	6166.0	0.0	21776.0	1211.0	0.0	1533.0	0.0	128.0		16	1
branch_merging	NeuroMorpho	img_1	pred_12.png	67749.0	6720.0	0.0	21776.0	1327.0	0.0	1522.0	0.0	139.0		17	1
branch_merging	NeuroMorpho	img_1	pred_13.png	67749.0	7654.0	0.0	21776.0	1480.0	0.0	1509.0	0.0	152.0		8	1
branch_merging	NeuroMorpho	img_1	pred_14.png	67749.0	7900.0	0.0	21776.0	1554.0	0.0	1498.0	0.0	163.0		12	1
branch_merging	NeuroMorpho	img_1	pred_15.png	67749.0	8102.0	0.0	21776.0	1612.0	0.0	1490.0	0.0	171.0		1	1
branch_merging	NeuroMorpho	img_1	pred_16.png	67749.0	8393.0	0.0	21776.0	1673.0	0.0	1479.0	0.0	182.0		3	1
branch_merging	NeuroMorpho	img_1	pred_17.png	67749.0	8723.0	0.0	21776.0	1758.0	0.0	1470.0	0.0	191.0		18	1
branch_merging	NeuroMorpho	img_1	pred_18.png	67749.0	9011.0	0.0	21776.0	1814.0	0.0	1461.0	0.0	200.0		4	1
branch_merging	NeuroMorpho	img_1	pred_19.png	67749.0	9325.0	0.0	21776.0	1891.0	0.0	1450.0	0.0	211.0		15	1
radius_erosion	Roads	img_0	gt.png	148257.0	0.0	0.0								0	1
radius_erosion	Roads	img_0	pred_0.png	147835.0	0.0	422.0								2	1
radius_erosion	Roads	img_0	pred_1.png	147326.0	0.0	931.0								11	1
radius_erosion	Roads	img_0	pred_2.png	147055.0	0.0	1202.0								6	1
radius_erosion	Roads	img_0	pred_3.png	146993.0	0.0	1264.0								13	1
radius_erosion	Roads	img_0	pred_4.png	146638.0	0.0	1619.0								7	1
radius_erosion	Roads	img_0	pred_5.png	145238.0	0.0	3019.0								14	1
radius_erosion	Roads	img_0	pred_6.png	144505.0	0.0	3752.0								9	1
radius_erosion	Roads	img_0	pred_7.png	144306.0	0.0	3951.0								10	1
radius_erosion	Roads	img_0	pred_8.png	143890.0	0.0	4367.0								19	1
radius_erosion	Roads	img_0	pred_9.png	143511.0	0.0	4746.0								20	1
radius_erosion	Roads	img_0	pred_10.png	143336.0	0.0	4921.0								5	1
radius_erosion	Roads	img_0	pred_11.png	142678.0	0.0	5579.0								16	1
radius_erosion	Roads	img_0	pred_12.png	141790.0	0.0	6467.0								17	1
radius_erosion	Roads	img_0	pred_13.png	141501.0	0.0	6756.0								8	1
radius_erosion	Roads	img_0	pred_14.png	141246.0	0.0	7011.0								12	1
radius_erosion	Roads	img_0	pred_15.png	140880.0	0.0	7377.0								1	1
radius_erosion	Roads	img_0	pred_16.png	140668.0	0.0	7589.0								3	1
radius_erosion	Roads	img_0	pred_17.png	139587.0	0.0	8670.0								18	1
radius_erosion	Roads	img_0	pred_18.png	139036.0	0.0	9221.0								4	1
radius_erosion	Roads	img_0	pred_19.png	138835.0	0.0	9422.0								15	1
radius_erosion	Roads	img_2	gt.png	206563.0	0.0	0.0								0	1
radius_erosion	Roads	img_2	pred_0.png	204688.0	0.0	1875.0								2	1
radius_erosion	Roads	img_2	pred_1.png	204382.0	0.0	2181.0								11	1
radius_erosion	Roads	img_2	pred_2.png	203679.0	0.0	2884.0								6	1
radius_erosion	Roads	img_2	pred_3.png	202550.0	0.0	4013.0								13	1
radius_erosion	Roads	img_2	pred_4.png	202470.0	0.0	4093.0								7	1
radius_erosion	Roads	img_2	pred_5.png	201541.0	0.0	5022.0								14	1
radius_erosion	Roads	img_2	pred_6.png	201156.0	0.0	5407.0								9	1
radius_erosion	Roads	img_2	pred_7.png	200687.0	0.0	5876.0								10	1
radius_erosion	Roads	img_2	pred_8.png	200354.0	0.0	6209.0								19	1
radius_erosion	Roads	img_2	pred_9.png	199868.0	0.0	6695.0								20	1
radius_erosion	Roads	img_2	pred_10.png	199455.0	0.0	7108.0								5	1
radius_erosion	Roads	img_2	pred_11.png	199353.0	0.0	7210.0								16	1
radius_erosion	Roads	img_2	pred_12.png	198684.0	0.0	7879.0								17	1
radius_erosion	Roads	img_2	pred_13.png	198281.0	0.0	8282.0								8	1
radius_erosion	Roads	img_2	pred_14.png	197806.0	0.0	8757.0								12	1
radius_erosion	Roads	img_2	pred_15.png	197626.0	0.0	8937.0								1	1
radius_erosion	Roads	img_2	pred_16.png	197350.0	0.0	9213.0								3	1
radius_erosion	Roads	img_2	pred_17.png	196612.0	0.0	9951.0								18	1
radius_erosion	Roads	img_2	pred_18.png	196466.0	0.0	10097.0								4	1
radius_erosion	Roads	img_2	pred_19.png	195863.0	0.0	10700.0								15	1
radius_erosion	Roads	img_1	gt.png	190626.0	0.0	0.0								0	1
radius_erosion	Roads	img_1	pred_0.png	189412.0	0.0	1214.0								2	1
radius_erosion	Roads	img_1	pred_1.png	189095.0	0.0	1531.0								11	1
radius_erosion	Roads	img_1	pred_2.png	188696.0	0.0	1930.0								6	1
radius_erosion	Roads	img_1	pred_3.png	188518.0	0.0	2108.0								13	1
radius_erosion	Roads	img_1	pred_4.png	188376.0	0.0	2250.0								7	1
radius_erosion	Roads	img_1	pred_5.png	188161.0	0.0	2465.0								14	1
radius_erosion	Roads	img_1	pred_6.png	187476.0	0.0	3150.0								9	1
radius_erosion	Roads	img_1	pred_7.png	187277.0	0.0	3349.0								10	1
radius_erosion	Roads	img_1	pred_8.png	187097.0	0.0	3529.0								19	1
radius_erosion	Roads	img_1	pred_9.png	186801.0	0.0	3825.0								20	1
radius_erosion	Roads	img_1	pred_10.png	186450.0	0.0	4176.0								5	1
radius_erosion	Roads	img_1	pred_11.png	186039.0	0.0	4587.0								16	1
radius_erosion	Roads	img_1	pred_12.png	185254.0	0.0	5372.0								17	1
radius_erosion	Roads	img_1	pred_13.png	184743.0	0.0	5883.0								8	1
radius_erosion	Roads	img_1	pred_14.png	184458.0	0.0	6168.0								12	1
radius_erosion	Roads	img_1	pred_15.png	183906.0	0.0	6720.0								1	1
radius_erosion	Roads	img_1	pred_16.png	183209.0	0.0	7417.0								3	1
radius_erosion	Roads	img_1	pred_17.png	183007.0	0.0	7619.0								18	1
radius_erosion	Roads	img_1	pred_18.png	182647.0	0.0	7979.0								4	1
radius_erosion	Roads	img_1	pred_19.png	182585.0	0.0	8041.0								15	1
radius_erosion	Colon_cells	img_0	gt.png	11002.0	0.0	0.0								0	1
radius_erosion	Colon_cells	img_0	pred_0.png	10933.0	0.0	69.0								2	1
radius_erosion	Colon_cells	img_0	pred_1.png	10878.0	0.0	124.0								11	1
radius_erosion	Colon_cells	img_0	pred_2.png	10760.0	0.0	242.0								6	1
radius_erosion	Colon_cells	img_0	pred_3.png	10693.0	0.0	309.0								13	1
radius_erosion	Colon_cells	img_0	pred_4.png	10554.0	0.0	448.0								7	1
radius_erosion	Colon_cells	img_0	pred_5.png	10475.0	0.0	527.0								14	1
radius_erosion	Colon_cells	img_0	pred_6.png	10414.0	0.0	588.0								9	1
radius_erosion	Colon_cells	img_0	pred_7.png	10342.0	0.0	660.0								10	1
radius_erosion	Colon_cells	img_0	pred_8.png	10233.0	0.0	769.0								19	1
radius_erosion	Colon_cells	img_0	pred_9.png	10168.0	0.0	834.0								20	1
radius_erosion	Colon_cells	img_0	pred_10.png	10131.0	0.0	871.0								5	1
radius_erosion	Colon_cells	img_0	pred_11.png	9990.0	0.0	1012.0								16	1
radius_erosion	Colon_cells	img_0	pred_12.png	9870.0	0.0	1132.0								17	1
radius_erosion	Colon_cells	img_0	pred_13.png	9817.0	0.0	1185.0								8	1
radius_erosion	Colon_cells	img_0	pred_14.png	9742.0	0.0	1260.0								12	1
radius_erosion	Colon_cells	img_0	pred_15.png	9610.0	0.0	1392.0								1	1
radius_erosion	Colon_cells	img_0	pred_16.png	9470.0	0.0	1532.0								3	1
radius_erosion	Colon_cells	img_0	pred_17.png	9296.0	0.0	1706.0								18	1
radius_erosion	Colon_cells	img_0	pred_18.png	9118.0	0.0	1884.0								4	1
radius_erosion	Colon_cells	img_0	pred_19.png	9080.0	0.0	1922.0								15	1
radius_erosion	Colon_cells	img_2	gt.png	22641.0	0.0	0.0								0	1
radius_erosion	Colon_cells	img_2	pred_0.png	22577.0	0.0	64.0								2	1
radius_erosion	Colon_cells	img_2	pred_1.png	22490.0	0.0	151.0								11	1
radius_erosion	Colon_cells	img_2	pred_2.png	22434.0	0.0	207.0								6	1
radius_erosion	Colon_cells	img_2	pred_3.png	22290.0	0.0	351.0								13	1
radius_erosion	Colon_cells	img_2	pred_4.png	22198.0	0.0	443.0								7	1
radius_erosion	Colon_cells	img_2	pred_5.png	22072.0	0.0	569.0								14	1
radius_erosion	Colon_cells	img_2	pred_6.png	22021.0	0.0	620.0								9	1
radius_erosion	Colon_cells	img_2	pred_7.png	21898.0	0.0	743.0								10	1
radius_erosion	Colon_cells	img_2	pred_8.png	21745.0	0.0	896.0								19	1
radius_erosion	Colon_cells	img_2	pred_9.png	21648.0	0.0	993.0								20	1
radius_erosion	Colon_cells	img_2	pred_10.png	21512.0	0.0	1129.0								5	1
radius_erosion	Colon_cells	img_2	pred_11.png	21411.0	0.0	1230.0								16	1
radius_erosion	Colon_cells	img_2	pred_12.png	21305.0	0.0	1336.0								17	1
radius_erosion	Colon_cells	img_2	pred_13.png	21218.0	0.0	1423.0								8	1
radius_erosion	Colon_cells	img_2	pred_14.png	21134.0	0.0	1507.0								12	1
radius_erosion	Colon_cells	img_2	pred_15.png	21057.0	0.0	1584.0								1	1
radius_erosion	Colon_cells	img_2	pred_16.png	20960.0	0.0	1681.0								3	1
radius_erosion	Colon_cells	img_2	pred_17.png	20849.0	0.0	1792.0								18	1
radius_erosion	Colon_cells	img_2	pred_18.png	20773.0	0.0	1868.0								4	1
radius_erosion	Colon_cells	img_2	pred_19.png	20597.0	0.0	2044.0								15	1
radius_erosion	Colon_cells	img_1	gt.png	23563.0	0.0	0.0								0	1
radius_erosion	Colon_cells	img_1	pred_0.png	23465.0	0.0	98.0								2	1
radius_erosion	Colon_cells	img_1	pred_1.png	23357.0	0.0	206.0								11	1
radius_erosion	Colon_cells	img_1	pred_2.png	23270.0	0.0	293.0								6	1
radius_erosion	Colon_cells	img_1	pred_3.png	23163.0	0.0	400.0								13	1
radius_erosion	Colon_cells	img_1	pred_4.png	23080.0	0.0	483.0								7	1
radius_erosion	Colon_cells	img_1	pred_5.png	23029.0	0.0	534.0								14	1
radius_erosion	Colon_cells	img_1	pred_6.png	22956.0	0.0	607.0								9	1
radius_erosion	Colon_cells	img_1	pred_7.png	22822.0	0.0	741.0								10	1
radius_erosion	Colon_cells	img_1	pred_8.png	22712.0	0.0	851.0								19	1
radius_erosion	Colon_cells	img_1	pred_9.png	22679.0	0.0	884.0								20	1
radius_erosion	Colon_cells	img_1	pred_10.png	22655.0	0.0	908.0								5	1
radius_erosion	Colon_cells	img_1	pred_11.png	22637.0	0.0	926.0								16	1
radius_erosion	Colon_cells	img_1	pred_12.png	22561.0	0.0	1002.0								17	1
radius_erosion	Colon_cells	img_1	pred_13.png	22468.0	0.0	1095.0								8	1
radius_erosion	Colon_cells	img_1	pred_14.png	22430.0	0.0	1133.0								12	1
radius_erosion	Colon_cells	img_1	pred_15.png	22319.0	0.0	1244.0								1	1
radius_erosion	Colon_cells	img_1	pred_16.png	22197.0	0.0	1366.0								3	1
radius_erosion	Colon_cells	img_1	pred_17.png	22128.0	0.0	1435.0								18	1
radius_erosion	Colon_cells	img_1	pred_18.png	22093.0	0.0	1470.0								4	1
radius_erosion	Colon_cells	img_1	pred_19.png	22013.0	0.0	1550.0								15	1
radius_erosion	CREMI	img_0	gt.png	25478.0	0.0	0.0								0	1
radius_erosion	CREMI	img_2	gt.png	25641.0	0.0	0.0								0	1
radius_erosion	CREMI	img_1	gt.png	25520.0	0.0	0.0								0	1
radius_erosion	LES-AV	img_0	gt.png	158725.0	0.0	0.0								0	1
radius_erosion	LES-AV	img_0	pred_0.png	157723.0	0.0	1002.0								2	1
radius_erosion	LES-AV	img_0	pred_1.png	157278.0	0.0	1447.0								11	1
radius_erosion	LES-AV	img_0	pred_2.png	156945.0	0.0	1780.0								6	1
radius_erosion	LES-AV	img_0	pred_3.png	155296.0	0.0	3429.0								13	1
radius_erosion	LES-AV	img_0	pred_4.png	154721.0	0.0	4004.0								7	1
radius_erosion	LES-AV	img_0	pred_5.png	154219.0	0.0	4506.0								14	1
radius_erosion	LES-AV	img_0	pred_6.png	152003.0	0.0	6722.0								9	1
radius_erosion	LES-AV	img_0	pred_7.png	148789.0	0.0	9936.0								10	1
radius_erosion	LES-AV	img_0	pred_8.png	148260.0	0.0	10465.0								19	1
radius_erosion	LES-AV	img_0	pred_9.png	147025.0	0.0	11700.0								20	1
radius_erosion	LES-AV	img_0	pred_10.png	146874.0	0.0	11851.0								5	1
radius_erosion	LES-AV	img_0	pred_11.png	146327.0	0.0	12398.0								16	1
radius_erosion	LES-AV	img_0	pred_12.png	144607.0	0.0	14118.0								17	1
radius_erosion	LES-AV	img_0	pred_13.png	143517.0	0.0	15208.0								8	1
radius_erosion	LES-AV	img_0	pred_14.png	142669.0	0.0	16056.0								12	1
radius_erosion	LES-AV	img_0	pred_15.png	141557.0	0.0	17168.0								1	1
radius_erosion	LES-AV	img_0	pred_16.png	141382.0	0.0	17343.0								3	1
radius_erosion	LES-AV	img_0	pred_17.png	140649.0	0.0	18076.0								18	1
radius_erosion	LES-AV	img_0	pred_18.png	139912.0	0.0	18813.0								4	1
radius_erosion	LES-AV	img_0	pred_19.png	139367.0	0.0	19358.0								15	1
radius_erosion	LES-AV	img_2	gt.png	224228.0	0.0	0.0								0	1
radius_erosion	LES-AV	img_2	pred_0.png	221813.0	0.0	2415.0								2	1
radius_erosion	LES-AV	img_2	pred_1.png	218456.0	0.0	5772.0								11	1
radius_erosion	LES-AV	img_2	pred_2.png	217792.0	0.0	6436.0								6	1
radius_erosion	LES-AV	img_2	pred_3.png	216801.0	0.0	7427.0								13	1
radius_erosion	LES-AV	img_2	pred_4.png	216441.0	0.0	7787.0								7	1
radius_erosion	LES-AV	img_2	pred_5.png	215071.0	0.0	9157.0								14	1
radius_erosion	LES-AV	img_2	pred_6.png	210855.0	0.0	13373.0								9	1
radius_erosion	LES-AV	img_2	pred_7.png	209909.0	0.0	14319.0								10	1
radius_erosion	LES-AV	img_2	pred_8.png	209356.0	0.0	14872.0								19	1
radius_erosion	LES-AV	img_2	pred_9.png	208762.0	0.0	15466.0								20	1
radius_erosion	LES-AV	img_2	pred_10.png	206234.0	0.0	17994.0								5	1
radius_erosion	LES-AV	img_2	pred_11.png	205146.0	0.0	19082.0								16	1
radius_erosion	LES-AV	img_2	pred_12.png	204886.0	0.0	19342.0								17	1
radius_erosion	LES-AV	img_2	pred_13.png	203955.0	0.0	20273.0								8	1
radius_erosion	LES-AV	img_2	pred_14.png	202861.0	0.0	21367.0								12	1
radius_erosion	LES-AV	img_2	pred_15.png	202290.0	0.0	21938.0								1	1
radius_erosion	LES-AV	img_2	pred_16.png	200765.0	0.0	23463.0								3	1
radius_erosion	LES-AV	img_2	pred_17.png	198723.0	0.0	25505.0								18	1
radius_erosion	LES-AV	img_2	pred_18.png	197129.0	0.0	27099.0								4	1
radius_erosion	LES-AV	img_2	pred_19.png	196591.0	0.0	27637.0								15	1
radius_erosion	LES-AV	img_1	gt.png	209704.0	0.0	0.0								0	1
radius_erosion	LES-AV	img_1	pred_0.png	209152.0	0.0	552.0								2	1
radius_erosion	LES-AV	img_1	pred_1.png	207189.0	0.0	2515.0								11	1
radius_erosion	LES-AV	img_1	pred_2.png	203243.0	0.0	6461.0								6	1
radius_erosion	LES-AV	img_1	pred_3.png	202838.0	0.0	6866.0								13	1
radius_erosion	LES-AV	img_1	pred_4.png	202145.0	0.0	7559.0								7	1
radius_erosion	LES-AV	img_1	pred_5.png	201812.0	0.0	7892.0								14	1
radius_erosion	LES-AV	img_1	pred_6.png	201157.0	0.0	8547.0								9	1
radius_erosion	LES-AV	img_1	pred_7.png	200490.0	0.0	9214.0								10	1
radius_erosion	LES-AV	img_1	pred_8.png	200040.0	0.0	9664.0								19	1
radius_erosion	LES-AV	img_1	pred_9.png	198348.0	0.0	11356.0								20	1
radius_erosion	LES-AV	img_1	pred_10.png	198288.0	0.0	11416.0								5	1
radius_erosion	LES-AV	img_1	pred_11.png	197520.0	0.0	12184.0								16	1
radius_erosion	LES-AV	img_1	pred_12.png	195571.0	0.0	14133.0								17	1
radius_erosion	LES-AV	img_1	pred_13.png	194448.0	0.0	15256.0								8	1
radius_erosion	LES-AV	img_1	pred_14.png	192671.0	0.0	17033.0								12	1
radius_erosion	LES-AV	img_1	pred_15.png	191683.0	0.0	18021.0								1	1
radius_erosion	LES-AV	img_1	pred_16.png	191426.0	0.0	18278.0								3	1
radius_erosion	LES-AV	img_1	pred_17.png	190751.0	0.0	18953.0								18	1
radius_erosion	LES-AV	img_1	pred_18.png	190239.0	0.0	19465.0								4	1
radius_erosion	LES-AV	img_1	pred_19.png	188580.0	0.0	21124.0								15	1
radius_erosion	Minivess	img_0	gt.png	63267.0	0.0	0.0								0	1
radius_erosion	Minivess	img_0	pred_0.png	62503.0	0.0	764.0								2	1
radius_erosion	Minivess	img_0	pred_1.png	62348.0	0.0	919.0								11	1
radius_erosion	Minivess	img_0	pred_2.png	61255.0	0.0	2012.0								6	1
radius_erosion	Minivess	img_0	pred_3.png	59471.0	0.0	3796.0								13	1
radius_erosion	Minivess	img_0	pred_4.png	59237.0	0.0	4030.0								7	1
radius_erosion	Minivess	img_0	pred_5.png	58796.0	0.0	4471.0								14	1
radius_erosion	Minivess	img_0	pred_6.png	58275.0	0.0	4992.0								9	1
radius_erosion	Minivess	img_0	pred_7.png	58068.0	0.0	5199.0								10	1
radius_erosion	Minivess	img_0	pred_8.png	57495.0	0.0	5772.0								19	1
radius_erosion	Minivess	img_0	pred_9.png	55852.0	0.0	7415.0								20	1
radius_erosion	Minivess	img_0	pred_10.png	54823.0	0.0	8444.0								5	1
radius_erosion	Minivess	img_0	pred_11.png	53732.0	0.0	9535.0								16	1
radius_erosion	Minivess	img_0	pred_12.png	52612.0	0.0	10655.0								17	1
radius_erosion	Minivess	img_0	pred_13.png	50339.0	0.0	12928.0								8	1
radius_erosion	Minivess	img_0	pred_14.png	48961.0	0.0	14306.0								12	1
radius_erosion	Minivess	img_0	pred_15.png	48259.0	0.0	15008.0								1	1
radius_erosion	Minivess	img_0	pred_16.png	48026.0	0.0	15241.0								3	1
radius_erosion	Minivess	img_0	pred_17.png	47051.0	0.0	16216.0								18	1
radius_erosion	Minivess	img_0	pred_18.png	46283.0	0.0	16984.0								4	1
radius_erosion	Minivess	img_0	pred_19.png	46048.0	0.0	17219.0								15	1
radius_erosion	Minivess	img_2	gt.png	44722.0	0.0	0.0								0	1
radius_erosion	Minivess	img_2	pred_0.png	43694.0	0.0	1028.0								2	1
radius_erosion	Minivess	img_2	pred_1.png	43078.0	0.0	1644.0								11	1
radius_erosion	Minivess	img_2	pred_2.png	42514.0	0.0	2208.0								6	1
radius_erosion	Minivess	img_2	pred_3.png	39771.0	0.0	4951.0								13	1
radius_erosion	Minivess	img_2	pred_4.png	39645.0	0.0	5077.0								7	1
radius_erosion	Minivess	img_2	pred_5.png	39451.0	0.0	5271.0								14	1
radius_erosion	Minivess	img_2	pred_6.png	39261.0	0.0	5461.0								9	1
radius_erosion	Minivess	img_2	pred_7.png	38069.0	0.0	6653.0								10	1
radius_erosion	Minivess	img_2	pred_8.png	36656.0	0.0	8066.0								19	1
radius_erosion	Minivess	img_2	pred_9.png	36029.0	0.0	8693.0								20	1
radius_erosion	Minivess	img_2	pred_10.png	35897.0	0.0	8825.0								5	1
radius_erosion	Minivess	img_2	pred_11.png	35775.0	0.0	8947.0								16	1
radius_erosion	Minivess	img_2	pred_12.png	35654.0	0.0	9068.0								17	1
radius_erosion	Minivess	img_2	pred_13.png	35596.0	0.0	9126.0								8	1
radius_erosion	Minivess	img_2	pred_14.png	35322.0	0.0	9400.0								12	1
radius_erosion	Minivess	img_2	pred_15.png	34822.0	0.0	9900.0								1	1
radius_erosion	Minivess	img_2	pred_16.png	34589.0	0.0	10133.0								3	1
radius_erosion	Minivess	img_2	pred_17.png	34099.0	0.0	10623.0								18	1
radius_erosion	Minivess	img_2	pred_18.png	33107.0	0.0	11615.0								4	1
radius_erosion	Minivess	img_2	pred_19.png	32376.0	0.0	12346.0								15	1
radius_erosion	Minivess	img_1	gt.png	56469.0	0.0	0.0								0	1
radius_erosion	Minivess	img_1	pred_0.png	53438.0	0.0	3031.0								2	1
radius_erosion	Minivess	img_1	pred_1.png	52598.0	0.0	3871.0								11	1
radius_erosion	Minivess	img_1	pred_2.png	51931.0	0.0	4538.0								6	1
radius_erosion	Minivess	img_1	pred_3.png	51540.0	0.0	4929.0								13	1
radius_erosion	Minivess	img_1	pred_4.png	51008.0	0.0	5461.0								7	1
radius_erosion	Minivess	img_1	pred_5.png	50872.0	0.0	5597.0								14	1
radius_erosion	Minivess	img_1	pred_6.png	50082.0	0.0	6387.0								9	1
radius_erosion	Minivess	img_1	pred_7.png	49796.0	0.0	6673.0								10	1
radius_erosion	Minivess	img_1	pred_8.png	49458.0	0.0	7011.0								19	1
radius_erosion	Minivess	img_1	pred_9.png	48554.0	0.0	7915.0								20	1
radius_erosion	Minivess	img_1	pred_10.png	48354.0	0.0	8115.0								5	1
radius_erosion	Minivess	img_1	pred_11.png	47476.0	0.0	8993.0								16	1
radius_erosion	Minivess	img_1	pred_12.png	45695.0	0.0	10774.0								17	1
radius_erosion	Minivess	img_1	pred_13.png	45327.0	0.0	11142.0								8	1
radius_erosion	Minivess	img_1	pred_14.png	45000.0	0.0	11469.0								12	1
radius_erosion	Minivess	img_1	pred_15.png	44618.0	0.0	11851.0								1	1
radius_erosion	Minivess	img_1	pred_16.png	44320.0	0.0	12149.0								3	1
radius_erosion	Minivess	img_1	pred_17.png	43748.0	0.0	12721.0								18	1
radius_erosion	Minivess	img_1	pred_18.png	43329.0	0.0	13140.0								4	1
radius_erosion	Minivess	img_1	pred_19.png	43306.0	0.0	13163.0								15	1
radius_erosion	NeuroMorpho	img_0	gt.png	59104.0	0.0	0.0								0	1
radius_erosion	NeuroMorpho	img_2	gt.png	86444.0	0.0	0.0								0	1
radius_erosion	NeuroMorpho	img_2	pred_0.png	86444.0	0.0	0.0								2	1
radius_erosion	NeuroMorpho	img_2	pred_1.png	86439.0	0.0	5.0								11	1
radius_erosion	NeuroMorpho	img_2	pred_2.png	86420.0	0.0	24.0								6	1
radius_erosion	NeuroMorpho	img_2	pred_3.png	86418.0	0.0	26.0								13	1
radius_erosion	NeuroMorpho	img_2	pred_4.png	86418.0	0.0	26.0								7	1
radius_erosion	NeuroMorpho	img_2	pred_5.png	86373.0	0.0	71.0								14	1
radius_erosion	NeuroMorpho	img_2	pred_6.png	86366.0	0.0	78.0								9	1
radius_erosion	NeuroMorpho	img_2	pred_7.png	86366.0	0.0	78.0								10	1
radius_erosion	NeuroMorpho	img_2	pred_8.png	86359.0	0.0	85.0								19	1
radius_erosion	NeuroMorpho	img_2	pred_9.png	86298.0	0.0	146.0								20	1
radius_erosion	NeuroMorpho	img_2	pred_10.png	86297.0	0.0	147.0								5	1
radius_erosion	NeuroMorpho	img_2	pred_11.png	86285.0	0.0	159.0								16	1
radius_erosion	NeuroMorpho	img_2	pred_12.png	86285.0	0.0	159.0								17	1
radius_erosion	NeuroMorpho	img_2	pred_13.png	86285.0	0.0	159.0								8	1
radius_erosion	NeuroMorpho	img_2	pred_14.png	86285.0	0.0	159.0								12	1
radius_erosion	NeuroMorpho	img_2	pred_15.png	86284.0	0.0	160.0								1	1
radius_erosion	NeuroMorpho	img_2	pred_16.png	86284.0	0.0	160.0								3	1
radius_erosion	NeuroMorpho	img_2	pred_17.png	86284.0	0.0	160.0								18	1
radius_erosion	NeuroMorpho	img_2	pred_18.png	86284.0	0.0	160.0								4	1
radius_erosion	NeuroMorpho	img_2	pred_19.png	86284.0	0.0	160.0								15	1
radius_erosion	NeuroMorpho	img_1	gt.png	67749.0	0.0	0.0								0	1
radius_dilation	Roads	img_0	gt.png	148257.0	0.0	0.0								0	1
radius_dilation	Roads	img_0	pred_0.png	148257.0	468.0	0.0								2	1
radius_dilation	Roads	img_0	pred_1.png	148257.0	1069.0	0.0								11	1
radius_dilation	Roads	img_0	pred_2.png	148257.0	1764.0	0.0								6	1
radius_dilation	Roads	img_0	pred_3.png	148257.0	2447.0	0.0								13	1
radius_dilation	Roads	img_0	pred_4.png	148257.0	2975.0	0.0								7	1
radius_dilation	Roads	img_0	pred_5.png	148257.0	3652.0	0.0								14	1
radius_dilation	Roads	img_0	pred_6.png	148257.0	4294.0	0.0								9	1
radius_dilation	Roads	img_0	pred_7.png	148257.0	4403.0	0.0								10	1
radius_dilation	Roads	img_0	pred_8.png	148257.0	5366.0	0.0								19	1
radius_dilation	Roads	img_0	pred_9.png	148257.0	6033.0	0.0								20	1
radius_dilation	Roads	img_0	pred_10.png	148257.0	7051.0	0.0								5	1
radius_dilation	Roads	img_0	pred_11.png	148257.0	7591.0	0.0								16	1
radius_dilation	Roads	img_0	pred_12.png	148257.0	7766.0	0.0								17	1
radius_dilation	Roads	img_0	pred_13.png	148257.0	8032.0	0.0								8	1
radius_dilation	Roads	img_0	pred_14.png	148257.0	8536.0	0.0								12	1
radius_dilation	Roads	img_0	pred_15.png	148257.0	10128.0	0.0								1	1
radius_dilation	Roads	img_0	pred_16.png	148257.0	10991.0	0.0								3	1
radius_dilation	Roads	img_0	pred_17.png	148257.0	11440.0	0.0								18	1
radius_dilation	Roads	img_0	pred_18.png	148257.0	12331.0	0.0								4	1
radius_dilation	Roads	img_0	pred_19.png	148257.0	13691.0	0.0								15	1
radius_dilation	Roads	img_2	gt.png	206563.0	0.0	0.0								0	1
radius_dilation	Roads	img_2	pred_0.png	206563.0	862.0	0.0								2	1
radius_dilation	Roads	img_2	pred_1.png	206563.0	1617.0	0.0								11	1
radius_dilation	Roads	img_2	pred_2.png	206563.0	3095.0	0.0								6	1
radius_dilation	Roads	img_2	pred_3.png	206563.0	3957.0	0.0								13	1
radius_dilation	Roads	img_2	pred_4.png	206563.0	4618.0	0.0								7	1
radius_dilation	Roads	img_2	pred_5.png	206563.0	5587.0	0.0								14	1
radius_dilation	Roads	img_2	pred_6.png	206563.0	6084.0	0.0								9	1
radius_dilation	Roads	img_2	pred_7.png	206563.0	6334.0	0.0								10	1
radius_dilation	Roads	img_2	pred_8.png	206563.0	7390.0	0.0								19	1
radius_dilation	Roads	img_2	pred_9.png	206563.0	8655.0	0.0								20	1
radius_dilation	Roads	img_2	pred_10.png	206563.0	9061.0	0.0								5	1
radius_dilation	Roads	img_2	pred_11.png	206563.0	10012.0	0.0								16	1
radius_dilation	Roads	img_2	pred_12.png	206563.0	11881.0	0.0								17	1
radius_dilation	Roads	img_2	pred_13.png	206563.0	12946.0	0.0								8	1
radius_dilation	Roads	img_2	pred_14.png	206563.0	13209.0	0.0								12	1
radius_dilation	Roads	img_2	pred_15.png	206563.0	13347.0	0.0								1	1
radius_dilation	Roads	img_2	pred_16.png	206563.0	13729.0	0.0								3	1
radius_dilation	Roads	img_2	pred_17.png	206563.0	14331.0	0.0								18	1
radius_dilation	Roads	img_2	pred_18.png	206563.0	15039.0	0.0								4	1
radius_dilation	Roads	img_2	pred_19.png	206563.0	16099.0	0.0								15	1
radius_dilation	Roads	img_1	gt.png	190626.0	0.0	0.0								0	1
radius_dilation	Roads	img_1	pred_0.png	190626.0	457.0	0.0								2	1
radius_dilation	Roads	img_1	pred_1.png	190626.0	1727.0	0.0								11	1
radius_dilation	Roads	img_1	pred_2.png	190626.0	1924.0	0.0								6	1
radius_dilation	Roads	img_1	pred_3.png	190626.0	2362.0	0.0								13	1
radius_dilation	Roads	img_1	pred_4.png	190626.0	2699.0	0.0								7	1
radius_dilation	Roads	img_1	pred_5.png	190626.0	4080.0	0.0								14	1
radius_dilation	Roads	img_1	pred_6.png	190626.0	5010.0	0.0								9	1
radius_dilation	Roads	img_1	pred_7.png	190626.0	5388.0	0.0								10	1
radius_dilation	Roads	img_1	pred_8.png	190626.0	6101.0	0.0								19	1
radius_dilation	Roads	img_1	pred_9.png	190626.0	6577.0	0.0								20	1
radius_dilation	Roads	img_1	pred_10.png	190626.0	7008.0	0.0								5	1
radius_dilation	Roads	img_1	pred_11.png	190626.0	8083.0	0.0								16	1
radius_dilation	Roads	img_1	pred_12.png	190626.0	8211.0	0.0								17	1
radius_dilation	Roads	img_1	pred_13.png	190626.0	8470.0	0.0								8	1
radius_dilation	Roads	img_1	pred_14.png	190626.0	8516.0	0.0								12	1
radius_dilation	Roads	img_1	pred_15.png	190626.0	8783.0	0.0								1	1
radius_dilation	Roads	img_1	pred_16.png	190626.0	8851.0	0.0								3	1
radius_dilation	Roads	img_1	pred_17.png	190626.0	9197.0	0.0								18	1
radius_dilation	Roads	img_1	pred_18.png	190626.0	9751.0	0.0								4	1
radius_dilation	Roads	img_1	pred_19.png	190626.0	10034.0	0.0								15	1
radius_dilation	Colon_cells	img_0	gt.png	11002.0	0.0	0.0								0	1
radius_dilation	Colon_cells	img_0	pred_0.png	11002.0	542.0	0.0								2	1
radius_dilation	Colon_cells	img_0	pred_1.png	11002.0	827.0	0.0								11	1
radius_dilation	Colon_cells	img_0	pred_2.png	11002.0	1187.0	0.0								6	1
radius_dilation	Colon_cells	img_0	pred_3.png	11002.0	1492.0	0.0								13	1
radius_dilation	Colon_cells	img_0	pred_4.png	11002.0	1781.0	0.0								7	1
radius_dilation	Colon_cells	img_0	pred_5.png	11002.0	2020.0	0.0								14	1
radius_dilation	Colon_cells	img_0	pred_6.png	11002.0	2347.0	0.0								9	1
radius_dilation	Colon_cells	img_0	pred_7.png	11002.0	2876.0	0.0								10	1
radius_dilation	Colon_cells	img_0	pred_8.png	11002.0	3064.0	0.0								19	1
radius_dilation	Colon_cells	img_0	pred_9.png	11002.0	3264.0	0.0								20	1
radius_dilation	Colon_cells	img_0	pred_10.png	11002.0	3478.0	0.0								5	1
radius_dilation	Colon_cells	img_0	pred_11.png	11002.0	3901.0	0.0								16	1
radius_dilation	Colon_cells	img_0	pred_12.png	11002.0	4237.0	0.0								17	1
radius_dilation	Colon_cells	img_0	pred_13.png	11002.0	4503.0	0.0								8	1
radius_dilation	Colon_cells	img_0	pred_14.png	11002.0	4816.0	0.0								12	1
radius_dilation	Colon_cells	img_0	pred_15.png	11002.0	5069.0	0.0								1	1
radius_dilation	Colon_cells	img_0	pred_16.png	11002.0	5249.0	0.0								3	1
radius_dilation	Colon_cells	img_0	pred_17.png	11002.0	5523.0	0.0								18	1
radius_dilation	Colon_cells	img_0	pred_18.png	11002.0	5892.0	0.0								4	1
radius_dilation	Colon_cells	img_0	pred_19.png	11002.0	6112.0	0.0								15	1
radius_dilation	Colon_cells	img_2	gt.png	22641.0	0.0	0.0								0	1
radius_dilation	Colon_cells	img_2	pred_0.png	22641.0	280.0	0.0								2	1
radius_dilation	Colon_cells	img_2	pred_1.png	22641.0	551.0	0.0								11	1
radius_dilation	Colon_cells	img_2	pred_2.png	22641.0	909.0	0.0								6	1
radius_dilation	Colon_cells	img_2	pred_3.png	22641.0	1351.0	0.0								13	1
radius_dilation	Colon_cells	img_2	pred_4.png	22641.0	1684.0	0.0								7	1
radius_dilation	Colon_cells	img_2	pred_5.png	22641.0	1994.0	0.0								14	1
radius_dilation	Colon_cells	img_2	pred_6.png	22641.0	2445.0	0.0								9	1
radius_dilation	Colon_cells	img_2	pred_7.png	22641.0	2766.0	0.0								10	1
radius_dilation	Colon_cells	img_2	pred_8.png	22641.0	3090.0	0.0								19	1
radius_dilation	Colon_cells	img_2	pred_9.png	22641.0	3433.0	0.0								20	1
radius_dilation	Colon_cells	img_2	pred_10.png	22641.0	3779.0	0.0								5	1
radius_dilation	Colon_cells	img_2	pred_11.png	22641.0	4085.0	0.0								16	1
radius_dilation	Colon_cells	img_2	pred_12.png	22641.0	4362.0	0.0								17	1
radius_dilation	Colon_cells	img_2	pred_13.png	22641.0	4698.0	0.0								8	1
radius_dilation	Colon_cells	img_2	pred_14.png	22641.0	5105.0	0.0								12	1
radius_dilation	Colon_cells	img_2	pred_15.png	22641.0	5224.0	0.0								1	1
radius_dilation	Colon_cells	img_2	pred_16.png	22641.0	5545.0	0.0								3	1
radius_dilation	Colon_cells	img_2	pred_17.png	22641.0	5769.0	0.0								18	1
radius_dilation	Colon_cells	img_2	pred_18.png	22641.0	6028.0	0.0								4	1
radius_dilation	Colon_cells	img_2	pred_19.png	22641.0	6239.0	0.0								15	1
radius_dilation	Colon_cells	img_1	gt.png	23563.0	0.0	0.0								0	1
radius_dilation	Colon_cells	img_1	pred_0.png	23563.0	431.0	0.0								2	1
radius_dilation	Colon_cells	img_1	pred_1.png	23563.0	730.0	0.0								11	1
radius_dilation	Colon_cells	img_1	pred_2.png	23563.0	1105.0	0.0								6	1
radius_dilation	Colon_cells	img_1	pred_3.png	23563.0	1415.0	0.0								13	1
radius_dilation	Colon_cells	img_1	pred_4.png	23563.0	1669.0	0.0								7	1
radius_dilation	Colon_cells	img_1	pred_5.png	23563.0	1969.0	0.0								14	1
radius_dilation	Colon_cells	img_1	pred_6.png	23563.0	2241.0	0.0								9	1
radius_dilation	Colon_cells	img_1	pred_7.png	23563.0	2473.0	0.0								10	1
radius_dilation	Colon_cells	img_1	pred_8.png	23563.0	2809.0	0.0								19	1
radius_dilation	Colon_cells	img_1	pred_9.png	23563.0	3018.0	0.0								20	1
radius_dilation	Colon_cells	img_1	pred_10.png	23563.0	3149.0	0.0								5	1
radius_dilation	Colon_cells	img_1	pred_11.png	23563.0	3460.0	0.0								16	1
radius_dilation	Colon_cells	img_1	pred_12.png	23563.0	3912.0	0.0								17	1
radius_dilation	Colon_cells	img_1	pred_13.png	23563.0	4146.0	0.0								8	1
radius_dilation	Colon_cells	img_1	pred_14.png	23563.0	4406.0	0.0								12	1
radius_dilation	Colon_cells	img_1	pred_15.png	23563.0	4906.0	0.0								1	1
radius_dilation	Colon_cells	img_1	pred_16.png	23563.0	5087.0	0.0								3	1
radius_dilation	Colon_cells	img_1	pred_17.png	23563.0	5347.0	0.0								18	1
radius_dilation	Colon_cells	img_1	pred_18.png	23563.0	5606.0	0.0								4	1
radius_dilation	Colon_cells	img_1	pred_19.png	23563.0	5785.0	0.0								15	1
radius_dilation	CREMI	img_0	gt.png	25478.0	0.0	0.0								0	1
radius_dilation	CREMI	img_0	pred_0.png	25478.0	45.0	0.0								2	1
radius_dilation	CREMI	img_0	pred_1.png	25478.0	113.0	0.0								11	1
radius_dilation	CREMI	img_0	pred_2.png	25478.0	145.0	0.0								6	1
radius_dilation	CREMI	img_0	pred_3.png	25478.0	169.0	0.0								13	1
radius_dilation	CREMI	img_0	pred_4.png	25478.0	246.0	0.0								7	1
radius_dilation	CREMI	img_0	pred_5.png	25478.0	264.0	0.0								14	1
radius_dilation	CREMI	img_0	pred_6.png	25478.0	344.0	0.0								9	1
radius_dilation	CREMI	img_0	pred_7.png	25478.0	438.0	0.0								10	1
radius_dilation	CREMI	img_0	pred_8.png	25478.0	505.0	0.0								19	1
radius_dilation	CREMI	img_0	pred_9.png	25478.0	567.0	0.0								20	1
radius_dilation	CREMI	img_0	pred_10.png	25478.0	580.0	0.0								5	1
radius_dilation	CREMI	img_0	pred_11.png	25478.0	699.0	0.0								16	1
radius_dilation	CREMI	img_0	pred_12.png	25478.0	725.0	0.0								17	1
radius_dilation	CREMI	img_0	pred_13.png	25478.0	778.0	0.0								8	1
radius_dilation	CREMI	img_0	pred_14.png	25478.0	853.0	0.0								12	1
radius_dilation	CREMI	img_0	pred_15.png	25478.0	950.0	0.0								1	1
radius_dilation	CREMI	img_0	pred_16.png	25478.0	1010.0	0.0								3	1
radius_dilation	CREMI	img_0	pred_17.png	25478.0	1048.0	0.0								18	1
radius_dilation	CREMI	img_0	pred_18.png	25478.0	1079.0	0.0								4	1
radius_dilation	CREMI	img_0	pred_19.png	25478.0	1121.0	0.0								15	1
radius_dilation	CREMI	img_2	gt.png	25641.0	0.0	0.0								0	1
radius_dilation	CREMI	img_2	pred_0.png	25641.0	68.0	0.0								2	1
radius_dilation	CREMI	img_2	pred_1.png	25641.0	87.0	0.0								11	1
radius_dilation	CREMI	img_2	pred_2.png	25641.0	176.0	0.0								6	1
radius_dilation	CREMI	img_2	pred_3.png	25641.0	252.0	0.0								13	1
radius_dilation	CREMI	img_2	pred_4.png	25641.0	269.0	0.0								7	1
radius_dilation	CREMI	img_2	pred_5.png	25641.0	283.0	0.0								14	1
radius_dilation	CREMI	img_2	pred_6.png	25641.0	304.0	0.0								9	1
radius_dilation	CREMI	img_2	pred_7.png	25641.0	343.0	0.0								10	1
radius_dilation	CREMI	img_2	pred_8.png	25641.0	389.0	0.0								19	1
radius_dilation	CREMI	img_2	pred_9.png	25641.0	523.0	0.0								20	1
radius_dilation	CREMI	img_2	pred_10.png	25641.0	585.0	0.0								5	1
radius_dilation	CREMI	img_2	pred_11.png	25641.0	602.0	0.0								16	1
radius_dilation	CREMI	img_2	pred_12.png	25641.0	619.0	0.0								17	1
radius_dilation	CREMI	img_2	pred_13.png	25641.0	663.0	0.0								8	1
radius_dilation	CREMI	img_2	pred_14.png	25641.0	700.0	0.0								12	1
radius_dilation	CREMI	img_2	pred_15.png	25641.0	772.0	0.0								1	1
radius_dilation	CREMI	img_2	pred_16.png	25641.0	800.0	0.0								3	1
radius_dilation	CREMI	img_2	pred_17.png	25641.0	850.0	0.0								18	1
radius_dilation	CREMI	img_2	pred_18.png	25641.0	868.0	0.0								4	1
radius_dilation	CREMI	img_2	pred_19.png	25641.0	897.0	0.0								15	1
radius_dilation	CREMI	img_1	gt.png	25520.0	0.0	0.0								0	1
radius_dilation	CREMI	img_1	pred_0.png	25520.0	67.0	0.0								2	1
radius_dilation	CREMI	img_1	pred_1.png	25520.0	96.0	0.0								11	1
radius_dilation	CREMI	img_1	pred_2.png	25520.0	134.0	0.0								6	1
radius_dilation	CREMI	img_1	pred_3.png	25520.0	182.0	0.0								13	1
radius_dilation	CREMI	img_1	pred_4.png	25520.0	234.0	0.0								7	1
radius_dilation	CREMI	img_1	pred_5.png	25520.0	274.0	0.0								14	1
radius_dilation	CREMI	img_1	pred_6.png	25520.0	321.0	0.0								9	1
radius_dilation	CREMI	img_1	pred_7.png	25520.0	356.0	0.0								10	1
radius_dilation	CREMI	img_1	pred_8.png	25520.0	390.0	0.0								19	1
radius_dilation	CREMI	img_1	pred_9.png	25520.0	445.0	0.0								20	1
radius_dilation	CREMI	img_1	pred_10.png	25520.0	455.0	0.0								5	1
radius_dilation	CREMI	img_1	pred_11.png	25520.0	500.0	0.0								16	1
radius_dilation	CREMI	img_1	pred_12.png	25520.0	599.0	0.0								17	1
radius_dilation	CREMI	img_1	pred_13.png	25520.0	648.0	0.0								8	1
radius_dilation	CREMI	img_1	pred_14.png	25520.0	681.0	0.0								12	1
radius_dilation	CREMI	img_1	pred_15.png	25520.0	709.0	0.0								1	1
radius_dilation	CREMI	img_1	pred_16.png	25520.0	740.0	0.0								3	1
radius_dilation	CREMI	img_1	pred_17.png	25520.0	790.0	0.0								18	1
radius_dilation	CREMI	img_1	pred_18.png	25520.0	821.0	0.0								4	1
radius_dilation	CREMI	img_1	pred_19.png	25520.0	847.0	0.0								15	1
radius_dilation	LES-AV	img_0	gt.png	158725.0	0.0	0.0								0	1
radius_dilation	LES-AV	img_0	pred_0.png	158725.0	2711.0	0.0								2	1
radius_dilation	LES-AV	img_0	pred_1.png	158725.0	5201.0	0.0								11	1
radius_dilation	LES-AV	img_0	pred_2.png	158725.0	5886.0	0.0								6	1
radius_dilation	LES-AV	img_0	pred_3.png	158725.0	7364.0	0.0								13	1
radius_dilation	LES-AV	img_0	pred_4.png	158725.0	7746.0	0.0								7	1
radius_dilation	LES-AV	img_0	pred_5.png	158725.0	8161.0	0.0								14	1
radius_dilation	LES-AV	img_0	pred_6.png	158725.0	8614.0	0.0								9	1
radius_dilation	LES-AV	img_0	pred_7.png	158725.0	9019.0	0.0								10	1
radius_dilation	LES-AV	img_0	pred_8.png	158725.0	9851.0	0.0								19	1
radius_dilation	LES-AV	img_0	pred_9.png	158725.0	15115.0	0.0								20	1
radius_dilation	LES-AV	img_0	pred_10.png	158725.0	16860.0	0.0								5	1
radius_dilation	LES-AV	img_0	pred_11.png	158725.0	17882.0	0.0								16	1
radius_dilation	LES-AV	img_0	pred_12.png	158725.0	20209.0	0.0								17	1
radius_dilation	LES-AV	img_0	pred_13.png	158725.0	21909.0	0.0								8	1
radius_dilation	LES-AV	img_0	pred_14.png	158725.0	23020.0	0.0								12	1
radius_dilation	LES-AV	img_0	pred_15.png	158725.0	24089.0	0.0								1	1
radius_dilation	LES-AV	img_0	pred_16.png	158725.0	24884.0	0.0								3	1
radius_dilation	LES-AV	img_0	pred_17.png	158725.0	26158.0	0.0								18	1
radius_dilation	LES-AV	img_0	pred_18.png	158725.0	27948.0	0.0								4	1
radius_dilation	LES-AV	img_0	pred_19.png	158725.0	28634.0	0.0								15	1
radius_dilation	LES-AV	img_2	gt.png	224228.0	0.0	0.0								0	1
radius_dilation	LES-AV	img_2	pred_0.png	224228.0	791.0	0.0								2	1
radius_dilation	LES-AV	img_2	pred_1.png	224228.0	2110.0	0.0								11	1
radius_dilation	LES-AV	img_2	pred_2.png	224228.0	4845.0	0.0								6	1
radius_dilation	LES-AV	img_2	pred_3.png	224228.0	6795.0	0.0								13	1
radius_dilation	LES-AV	img_2	pred_4.png	224228.0	7636.0	0.0								7	1
radius_dilation	LES-AV	img_2	pred_5.png	224228.0	10221.0	0.0								14	1
radius_dilation	LES-AV	img_2	pred_6.png	224228.0	11317.0	0.0								9	1
radius_dilation	LES-AV	img_2	pred_7.png	224228.0	14011.0	0.0								10	1
radius_dilation	LES-AV	img_2	pred_8.png	224228.0	14827.0	0.0								19	1
radius_dilation	LES-AV	img_2	pred_9.png	224228.0	16154.0	0.0								20	1
radius_dilation	LES-AV	img_2	pred_10.png	224228.0	16842.0	0.0								5	1
radius_dilation	LES-AV	img_2	pred_11.png	224228.0	18185.0	0.0								16	1
radius_dilation	LES-AV	img_2	pred_12.png	224228.0	20153.0	0.0								17	1
radius_dilation	LES-AV	img_2	pred_13.png	224228.0	22185.0	0.0								8	1
radius_dilation	LES-AV	img_2	pred_14.png	224228.0	26221.0	0.0								12	1
radius_dilation	LES-AV	img_2	pred_15.png	224228.0	27951.0	0.0								1	1
radius_dilation	LES-AV	img_2	pred_16.png	224228.0	31252.0	0.0								3	1
radius_dilation	LES-AV	img_2	pred_17.png	224228.0	32874.0	0.0								18	1
radius_dilation	LES-AV	img_2	pred_18.png	224228.0	34881.0	0.0								4	1
radius_dilation	LES-AV	img_2	pred_19.png	224228.0	35919.0	0.0								15	1
radius_dilation	LES-AV	img_1	gt.png	209704.0	0.0	0.0								0	1
radius_dilation	LES-AV	img_1	pred_0.png	209704.0	766.0	0.0								2	1
radius_dilation	LES-AV	img_1	pred_1.png	209704.0	2044.0	0.0								11	1
radius_dilation	LES-AV	img_1	pred_2.png	209704.0	3920.0	0.0								6	1
radius_dilation	LES-AV	img_1	pred_3.png	209704.0	7758.0	0.0								13	1
radius_dilation	LES-AV	img_1	pred_4.png	209704.0	8569.0	0.0								7	1
radius_dilation	LES-AV	img_1	pred_5.png	209704.0	9652.0	0.0								14	1
radius_dilation	LES-AV	img_1	pred_6.png	209704.0	11951.0	0.0								9	1
radius_dilation	LES-AV	img_1	pred_7.png	209704.0	13079.0	0.0								10	1
radius_dilation	LES-AV	img_1	pred_8.png	209704.0	13872.0	0.0								19	1
radius_dilation	LES-AV	img_1	pred_9.png	209704.0	14387.0	0.0								20	1
radius_dilation	LES-AV	img_1	pred_10.png	209704.0	15160.0	0.0								5	1
radius_dilation	LES-AV	img_1	pred_11.png	209704.0	18533.0	0.0								16	1
radius_dilation	LES-AV	img_1	pred_12.png	209704.0	19135.0	0.0								17	1
radius_dilation	LES-AV	img_1	pred_13.png	209704.0	20102.0	0.0								8	1
radius_dilation	LES-AV	img_1	pred_14.png	209704.0	20710.0	0.0								12	1
radius_dilation	LES-AV	img_1	pred_15.png	209704.0	21960.0	0.0								1	1
radius_dilation	LES-AV	img_1	pred_16.png	209704.0	22496.0	0.0								3	1
radius_dilation	LES-AV	img_1	pred_17.png	209704.0	23315.0	0.0								18	1
radius_dilation	LES-AV	img_1	pred_18.png	209704.0	25326.0	0.0								4	1
radius_dilation	LES-AV	img_1	pred_19.png	209704.0	26089.0	0.0								15	1
radius_dilation	Minivess	img_0	gt.png	63267.0	0.0	0.0								0	1
radius_dilation	Minivess	img_0	pred_0.png	63267.0	475.0	0.0								2	1
radius_dilation	Minivess	img_0	pred_1.png	63267.0	1356.0	0.0								11	1
radius_dilation	Minivess	img_0	pred_2.png	63267.0	4782.0	0.0								6	1
radius_dilation	Minivess	img_0	pred_3.png	63267.0	5399.0	0.0								13	1
radius_dilation	Minivess	img_0	pred_4.png	63267.0	6076.0	0.0								7	1
radius_dilation	Minivess	img_0	pred_5.png	63267.0	7755.0	0.0								14	1
radius_dilation	Minivess	img_0	pred_6.png	63267.0	9544.0	0.0								9	1
radius_dilation	Minivess	img_0	pred_7.png	63267.0	10463.0	0.0								10	1
radius_dilation	Minivess	img_0	pred_8.png	63267.0	10693.0	0.0								19	1
radius_dilation	Minivess	img_0	pred_9.png	63267.0	11050.0	0.0								20	1
radius_dilation	Minivess	img_0	pred_10.png	63267.0	11270.0	0.0								5	1
radius_dilation	Minivess	img_0	pred_11.png	63267.0	11777.0	0.0								16	1
radius_dilation	Minivess	img_0	pred_12.png	63267.0	12101.0	0.0								17	1
radius_dilation	Minivess	img_0	pred_13.png	63267.0	14912.0	0.0								8	1
radius_dilation	Minivess	img_0	pred_14.png	63267.0	15374.0	0.0								12	1
radius_dilation	Minivess	img_0	pred_15.png	63267.0	15996.0	0.0								1	1
radius_dilation	Minivess	img_0	pred_16.png	63267.0	17755.0	0.0								3	1
radius_dilation	Minivess	img_0	pred_17.png	63267.0	18839.0	0.0								18	1
radius_dilation	Minivess	img_0	pred_18.png	63267.0	19151.0	0.0								4	1
radius_dilation	Minivess	img_0	pred_19.png	63267.0	20729.0	0.0								15	1
radius_dilation	Minivess	img_2	gt.png	44722.0	0.0	0.0								0	1
radius_dilation	Minivess	img_2	pred_0.png	44722.0	2056.0	0.0								2	1
radius_dilation	Minivess	img_2	pred_1.png	44722.0	3342.0	0.0								11	1
radius_dilation	Minivess	img_2	pred_2.png	44722.0	3493.0	0.0								6	1
radius_dilation	Minivess	img_2	pred_3.png	44722.0	3990.0	0.0								13	1
radius_dilation	Minivess	img_2	pred_4.png	44722.0	4872.0	0.0								7	1
radius_dilation	Minivess	img_2	pred_5.png	44722.0	5728.0	0.0								14	1
radius_dilation	Minivess	img_2	pred_6.png	44722.0	6282.0	0.0								9	1
radius_dilation	Minivess	img_2	pred_7.png	44722.0	6683.0	0.0								10	1
radius_dilation	Minivess	img_2	pred_8.png	44722.0	7911.0	0.0								19	1
radius_dilation	Minivess	img_2	pred_9.png	44722.0	11867.0	0.0								20	1
radius_dilation	Minivess	img_2	pred_10.png	44722.0	15916.0	0.0								5	1
radius_dilation	Minivess	img_2	pred_11.png	44722.0	16768.0	0.0								16	1
radius_dilation	Minivess	img_2	pred_12.png	44722.0	17824.0	0.0								17	1
radius_dilation	Minivess	img_2	pred_13.png	44722.0	18015.0	0.0								8	1
radius_dilation	Minivess	img_2	pred_14.png	44722.0	19547.0	0.0								12	1
radius_dilation	Minivess	img_2	pred_15.png	44722.0	20696.0	0.0								1	1
radius_dilation	Minivess	img_2	pred_16.png	44722.0	21054.0	0.0								3	1
radius_dilation	Minivess	img_2	pred_17.png	44722.0	22842.0	0.0								18	1
radius_dilation	Minivess	img_2	pred_18.png	44722.0	23354.0	0.0								4	1
radius_dilation	Minivess	img_2	pred_19.png	44722.0	23849.0	0.0								15	1
radius_dilation	Minivess	img_1	gt.png	56469.0	0.0	0.0								0	1
radius_dilation	Minivess	img_1	pred_0.png	56469.0	1002.0	0.0								2	1
radius_dilation	Minivess	img_1	pred_1.png	56469.0	1662.0	0.0								11	1
radius_dilation	Minivess	img_1	pred_2.png	56469.0	3756.0	0.0								6	1
radius_dilation	Minivess	img_1	pred_3.png	56469.0	4370.0	0.0								13	1
radius_dilation	Minivess	img_1	pred_4.png	56469.0	4952.0	0.0								7	1
radius_dilation	Minivess	img_1	pred_5.png	56469.0	6020.0	0.0								14	1
radius_dilation	Minivess	img_1	pred_6.png	56469.0	7316.0	0.0								9	1
radius_dilation	Minivess	img_1	pred_7.png	56469.0	8468.0	0.0								10	1
radius_dilation	Minivess	img_1	pred_8.png	56469.0	9374.0	0.0								19	1
radius_dilation	Minivess	img_1	pred_9.png	56469.0	9779.0	0.0								20	1
radius_dilation	Minivess	img_1	pred_10.png	56469.0	10567.0	0.0								5	1
radius_dilation	Minivess	img_1	pred_11.png	56469.0	11305.0	0.0								16	1
radius_dilation	Minivess	img_1	pred_12.png	56469.0	13791.0	0.0								17	1
radius_dilation	Minivess	img_1	pred_13.png	56469.0	14233.0	0.0								8	1
radius_dilation	Minivess	img_1	pred_14.png	56469.0	15556.0	0.0								12	1
radius_dilation	Minivess	img_1	pred_15.png	56469.0	18479.0	0.0								1	1
radius_dilation	Minivess	img_1	pred_16.png	56469.0	19246.0	0.0								3	1
radius_dilation	Minivess	img_1	pred_17.png	56469.0	19606.0	0.0								18	1
radius_dilation	Minivess	img_1	pred_18.png	56469.0	20005.0	0.0								4	1
radius_dilation	Minivess	img_1	pred_19.png	56469.0	21149.0	0.0								15	1
radius_dilation	NeuroMorpho	img_0	gt.png	59104.0	0.0	0.0								0	1
radius_dilation	NeuroMorpho	img_0	pred_0.png	59104.0	106.0	0.0								2	1
radius_dilation	NeuroMorpho	img_0	pred_1.png	59104.0	238.0	0.0								11	1
radius_dilation	NeuroMorpho	img_0	pred_2.png	59104.0	309.0	0.0								6	1
radius_dilation	NeuroMorpho	img_0	pred_3.png	59104.0	396.0	0.0								13	1
radius_dilation	NeuroMorpho	img_0	pred_4.png	59104.0	616.0	0.0								7	1
radius_dilation	NeuroMorpho	img_0	pred_5.png	59104.0	736.0	0.0								14	1
radius_dilation	NeuroMorpho	img_0	pred_6.png	59104.0	884.0	0.0								9	1
radius_dilation	NeuroMorpho	img_0	pred_7.png	59104.0	1068.0	0.0								10	1
radius_dilation	NeuroMorpho	img_0	pred_8.png	59104.0	1118.0	0.0								19	1
radius_dilation	NeuroMorpho	img_0	pred_9.png	59104.0	1202.0	0.0								20	1
radius_dilation	NeuroMorpho	img_0	pred_10.png	59104.0	1252.0	0.0								5	1
radius_dilation	NeuroMorpho	img_0	pred_11.png	59104.0	1412.0	0.0								16	1
radius_dilation	NeuroMorpho	img_0	pred_12.png	59104.0	1601.0	0.0								17	1
radius_dilation	NeuroMorpho	img_0	pred_13.png	59104.0	1839.0	0.0								8	1
radius_dilation	NeuroMorpho	img_0	pred_14.png	59104.0	1904.0	0.0								12	1
radius_dilation	NeuroMorpho	img_0	pred_15.png	59104.0	2097.0	0.0								1	1
radius_dilation	NeuroMorpho	img_0	pred_16.png	59104.0	2157.0	0.0								3	1
radius_dilation	NeuroMorpho	img_0	pred_17.png	59104.0	2296.0	0.0								18	1
radius_dilation	NeuroMorpho	img_0	pred_18.png	59104.0	2400.0	0.0								4	1
radius_dilation	NeuroMorpho	img_0	pred_19.png	59104.0	2562.0	0.0								15	1
radius_dilation	NeuroMorpho	img_2	gt.png	86444.0	0.0	0.0								0	1
radius_dilation	NeuroMorpho	img_2	pred_0.png	86444.0	84.0	0.0								2	1
radius_dilation	NeuroMorpho	img_2	pred_1.png	86444.0	140.0	0.0								11	1
radius_dilation	NeuroMorpho	img_2	pred_2.png	86444.0	208.0	0.0								6	1
radius_dilation	NeuroMorpho	img_2	pred_3.png	86444.0	222.0	0.0								13	1
radius_dilation	NeuroMorpho	img_2	pred_4.png	86444.0	328.0	0.0								7	1
radius_dilation	NeuroMorpho	img_2	pred_5.png	86444.0	364.0	0.0								14	1
radius_dilation	NeuroMorpho	img_2	pred_6.png	86444.0	473.0	0.0								9	1
radius_dilation	NeuroMorpho	img_2	pred_7.png	86444.0	556.0	0.0								10	1
radius_dilation	NeuroMorpho	img_2	pred_8.png	86444.0	895.0	0.0								19	1
radius_dilation	NeuroMorpho	img_2	pred_9.png	86444.0	1046.0	0.0								20	1
radius_dilation	NeuroMorpho	img_2	pred_10.png	86444.0	1096.0	0.0								5	1
radius_dilation	NeuroMorpho	img_2	pred_11.png	86444.0	1400.0	0.0								16	1
radius_dilation	NeuroMorpho	img_2	pred_12.png	86444.0	1592.0	0.0								17	1
radius_dilation	NeuroMorpho	img_2	pred_13.png	86444.0	1775.0	0.0								8	1
radius_dilation	NeuroMorpho	img_2	pred_14.png	86444.0	1914.0	0.0								12	1
radius_dilation	NeuroMorpho	img_2	pred_15.png	86444.0	1941.0	0.0								1	1
radius_dilation	NeuroMorpho	img_2	pred_16.png	86444.0	1976.0	0.0								3	1
radius_dilation	NeuroMorpho	img_2	pred_17.png	86444.0	2047.0	0.0								18	1
radius_dilation	NeuroMorpho	img_2	pred_18.png	86444.0	2169.0	0.0								4	1
radius_dilation	NeuroMorpho	img_2	pred_19.png	86444.0	2343.0	0.0								15	1
radius_dilation	NeuroMorpho	img_1	gt.png	67749.0	0.0	0.0								0	1
radius_dilation	NeuroMorpho	img_1	pred_0.png	67749.0	275.0	0.0								2	1
radius_dilation	NeuroMorpho	img_1	pred_1.png	67749.0	317.0	0.0								11	1
radius_dilation	NeuroMorpho	img_1	pred_2.png	67749.0	372.0	0.0								6	1
radius_dilation	NeuroMorpho	img_1	pred_3.png	67749.0	502.0	0.0								13	1
radius_dilation	NeuroMorpho	img_1	pred_4.png	67749.0	593.0	0.0								7	1
radius_dilation	NeuroMorpho	img_1	pred_5.png	67749.0	648.0	0.0								14	1
radius_dilation	NeuroMorpho	img_1	pred_6.png	67749.0	845.0	0.0								9	1
radius_dilation	NeuroMorpho	img_1	pred_7.png	67749.0	952.0	0.0								10	1
radius_dilation	NeuroMorpho	img_1	pred_8.png	67749.0	1020.0	0.0								19	1
radius_dilation	NeuroMorpho	img_1	pred_9.png	67749.0	1132.0	0.0								20	1
radius_dilation	NeuroMorpho	img_1	pred_10.png	67749.0	1153.0	0.0								5	1
radius_dilation	NeuroMorpho	img_1	pred_11.png	67749.0	1308.0	0.0								16	1
radius_dilation	NeuroMorpho	img_1	pred_12.png	67749.0	1343.0	0.0								17	1
radius_dilation	NeuroMorpho	img_1	pred_13.png	67749.0	1409.0	0.0								8	1
radius_dilation	NeuroMorpho	img_1	pred_14.png	67749.0	1433.0	0.0								12	1
radius_dilation	NeuroMorpho	img_1	pred_15.png	67749.0	1637.0	0.0								1	1
radius_dilation	NeuroMorpho	img_1	pred_16.png	67749.0	1761.0	0.0								3	1
radius_dilation	NeuroMorpho	img_1	pred_17.png	67749.0	1822.0	0.0								18	1
radius_dilation	NeuroMorpho	img_1	pred_18.png	67749.0	1848.0	0.0								4	1
radius_dilation	NeuroMorpho	img_1	pred_19.png	67749.0	1956.0	0.0								15	1
deformation	Roads	img_0	gt.png	148257.0	0.0	0.0								0	1
deformation	Roads	img_0	pred_0.png	148254.0	5.0	3.0								2	1
deformation	Roads	img_0	pred_1.png	148222.0	37.0	35.0								11	1
deformation	Roads	img_0	pred_2.png	148205.0	54.0	52.0								6	1
deformation	Roads	img_0	pred_3.png	148157.0	105.0	100.0								13	1
deformation	Roads	img_0	pred_4.png	148126.0	140.0	131.0								7	1
deformation	Roads	img_0	pred_5.png	148097.0	169.0	160.0								14	1
deformation	Roads	img_0	pred_6.png	147868.0	391.0	389.0								9	1
deformation	Roads	img_0	pred_7.png	147852.0	406.0	405.0								10	1
deformation	Roads	img_0	pred_8.png	147778.0	483.0	479.0								18	1
deformation	Roads	img_0	pred_9.png	147744.0	518.0	513.0								19	1
deformation	Roads	img_0	pred_10.png	147744.0	518.0	513.0								5	1
deformation	Roads	img_0	pred_11.png	147709.0	557.0	548.0								15	1
deformation	Roads	img_0	pred_12.png	147646.0	618.0	611.0								16	1
deformation	Roads	img_0	pred_13.png	147629.0	638.0	628.0								8	1
deformation	Roads	img_0	pred_14.png	147626.0	642.0	631.0								12	1
deformation	Roads	img_0	pred_15.png	147471.0	799.0	786.0								1	1
deformation	Roads	img_0	pred_16.png	147470.0	802.0	787.0								3	1
deformation	Roads	img_0	pred_17.png	147303.0	985.0	954.0								17	1
deformation	Roads	img_0	pred_18.png	147194.0	1096.0	1063.0								4	1
deformation	Roads	img_2	gt.png	206563.0	0.0	0.0								0	1
deformation	Roads	img_2	pred_0.png	206507.0	66.0	56.0								2	1
deformation	Roads	img_2	pred_1.png	206416.0	147.0	147.0								11	1
deformation	Roads	img_2	pred_2.png	206336.0	223.0	227.0								6	1
deformation	Roads	img_2	pred_3.png	206270.0	289.0	293.0								13	1
deformation	Roads	img_2	pred_4.png	206211.0	348.0	352.0								7	1
deformation	Roads	img_2	pred_5.png	206146.0	421.0	417.0								14	1
deformation	Roads	img_2	pred_6.png	206117.0	451.0	446.0								9	1
deformation	Roads	img_2	pred_7.png	205987.0	596.0	576.0								10	1
deformation	Roads	img_2	pred_8.png	205958.0	628.0	605.0								18	1
deformation	Roads	img_2	pred_9.png	205747.0	840.0	816.0								19	1
deformation	Roads	img_2	pred_10.png	205747.0	840.0	816.0								5	1
deformation	Roads	img_2	pred_11.png	205666.0	924.0	897.0								15	1
deformation	Roads	img_2	pred_12.png	205588.0	1008.0	975.0								16	1
deformation	Roads	img_2	pred_13.png	205460.0	1124.0	1103.0								8	1
deformation	Roads	img_2	pred_14.png	205436.0	1147.0	1127.0								12	1
deformation	Roads	img_2	pred_15.png	205317.0	1269.0	1246.0								1	1
deformation	Roads	img_2	pred_16.png	205277.0	1311.0	1286.0								3	1
deformation	Roads	img_2	pred_17.png	205130.0	1451.0	1433.0								17	1
deformation	Roads	img_2	pred_18.png	204682.0	1898.0	1881.0								4	1
deformation	Roads	img_1	gt.png	190626.0	0.0	0.0								0	1
deformation	Roads	img_1	pred_0.png	190504.0	122.0	122.0								2	1
deformation	Roads	img_1	pred_1.png	190408.0	216.0	218.0								11	1
deformation	Roads	img_1	pred_2.png	190404.0	220.0	222.0								6	1
deformation	Roads	img_1	pred_3.png	190383.0	244.0	243.0								13	1
deformation	Roads	img_1	pred_4.png	190371.0	249.0	255.0								7	1
deformation	Roads	img_1	pred_5.png	190357.0	261.0	269.0								14	1
deformation	Roads	img_1	pred_6.png	190282.0	336.0	344.0								9	1
deformation	Roads	img_1	pred_7.png	190103.0	510.0	523.0								10	1
deformation	Roads	img_1	pred_8.png	190069.0	545.0	557.0								18	1
deformation	Roads	img_1	pred_9.png	189956.0	666.0	670.0								19	1
deformation	Roads	img_1	pred_10.png	189936.0	689.0	690.0								5	1
deformation	Roads	img_1	pred_11.png	189793.0	838.0	833.0								15	1
deformation	Roads	img_1	pred_12.png	189648.0	983.0	978.0								16	1
deformation	Roads	img_1	pred_13.png	189347.0	1294.0	1279.0								8	1
deformation	Roads	img_1	pred_14.png	189336.0	1307.0	1290.0								12	1
deformation	Roads	img_1	pred_15.png	189324.0	1321.0	1302.0								1	1
deformation	Roads	img_1	pred_16.png	189225.0	1418.0	1401.0								3	1
deformation	Roads	img_1	pred_17.png	189167.0	1488.0	1459.0								17	1
deformation	Roads	img_1	pred_18.png	189034.0	1634.0	1592.0								4	1
deformation	Colon_cells	img_0	gt.png	11002.0	0.0	0.0								0	1
deformation	Colon_cells	img_0	pred_0.png	10898.0	92.0	104.0								2	1
deformation	Colon_cells	img_0	pred_1.png	10850.0	140.0	152.0								11	1
deformation	Colon_cells	img_0	pred_2.png	10820.0	157.0	182.0								6	1
deformation	Colon_cells	img_0	pred_3.png	10781.0	196.0	221.0								13	1
deformation	Colon_cells	img_0	pred_4.png	10745.0	235.0	257.0								7	1
deformation	Colon_cells	img_0	pred_5.png	10700.0	284.0	302.0								14	1
deformation	Colon_cells	img_0	pred_6.png	10645.0	349.0	357.0								9	1
deformation	Colon_cells	img_0	pred_7.png	10585.0	420.0	417.0								10	1
deformation	Colon_cells	img_0	pred_8.png	10523.0	482.0	479.0								19	1
deformation	Colon_cells	img_0	pred_9.png	10469.0	531.0	533.0								20	1
deformation	Colon_cells	img_0	pred_10.png	10414.0	586.0	588.0								5	1
deformation	Colon_cells	img_0	pred_11.png	10377.0	627.0	625.0								16	1
deformation	Colon_cells	img_0	pred_12.png	10350.0	645.0	652.0								17	1
deformation	Colon_cells	img_0	pred_13.png	10327.0	673.0	675.0								8	1
deformation	Colon_cells	img_0	pred_14.png	10277.0	715.0	725.0								12	1
deformation	Colon_cells	img_0	pred_15.png	10263.0	739.0	739.0								1	1
deformation	Colon_cells	img_0	pred_16.png	10226.0	773.0	776.0								3	1
deformation	Colon_cells	img_0	pred_17.png	10200.0	803.0	802.0								18	1
deformation	Colon_cells	img_0	pred_18.png	10075.0	926.0	927.0								4	1
deformation	Colon_cells	img_0	pred_19.png	10023.0	966.0	979.0								15	1
deformation	Colon_cells	img_2	gt.png	22641.0	0.0	0.0								0	1
deformation	Colon_cells	img_2	pred_0.png	22602.0	21.0	39.0								2	1
deformation	Colon_cells	img_2	pred_1.png	22570.0	62.0	71.0								11	1
deformation	Colon_cells	img_2	pred_2.png	22545.0	88.0	96.0								6	1
deformation	Colon_cells	img_2	pred_3.png	22520.0	116.0	121.0								13	1
deformation	Colon_cells	img_2	pred_4.png	22490.0	146.0	151.0								7	1
deformation	Colon_cells	img_2	pred_5.png	22466.0	170.0	175.0								14	1
deformation	Colon_cells	img_2	pred_6.png	22456.0	179.0	185.0								9	1
deformation	Colon_cells	img_2	pred_7.png	22407.0	226.0	234.0								10	1
deformation	Colon_cells	img_2	pred_8.png	22353.0	286.0	288.0								19	1
deformation	Colon_cells	img_2	pred_9.png	22325.0	320.0	316.0								20	1
deformation	Colon_cells	img_2	pred_10.png	22298.0	347.0	343.0								5	1
deformation	Colon_cells	img_2	pred_11.png	22273.0	372.0	368.0								16	1
deformation	Colon_cells	img_2	pred_12.png	22195.0	448.0	446.0								17	1
deformation	Colon_cells	img_2	pred_13.png	22162.0	481.0	479.0								8	1
deformation	Colon_cells	img_2	pred_14.png	22137.0	506.0	504.0								12	1
deformation	Colon_cells	img_2	pred_15.png	22087.0	554.0	554.0								1	1
deformation	Colon_cells	img_2	pred_16.png	22061.0	580.0	580.0								3	1
deformation	Colon_cells	img_2	pred_17.png	22047.0	594.0	594.0								18	1
deformation	Colon_cells	img_2	pred_18.png	22012.0	629.0	629.0								4	1
deformation	Colon_cells	img_2	pred_19.png	21972.0	659.0	669.0								15	1
deformation	Colon_cells	img_1	gt.png	23563.0	0.0	0.0								0	1
deformation	Colon_cells	img_1	pred_0.png	23457.0	103.0	106.0								2	1
deformation	Colon_cells	img_1	pred_1.png	23382.0	172.0	181.0								11	1
deformation	Colon_cells	img_1	pred_2.png	23306.0	248.0	257.0								6	1
deformation	Colon_cells	img_1	pred_3.png	23269.0	289.0	294.0								13	1
deformation	Colon_cells	img_1	pred_4.png	23192.0	370.0	371.0								7	1
deformation	Colon_cells	img_1	pred_5.png	23139.0	418.0	424.0								14	1
deformation	Colon_cells	img_1	pred_6.png	23089.0	464.0	474.0								9	1
deformation	Colon_cells	img_1	pred_7.png	23015.0	546.0	548.0								10	1
deformation	Colon_cells	img_1	pred_8.png	22944.0	610.0	619.0								19	1
deformation	Colon_cells	img_1	pred_9.png	22895.0	659.0	668.0								20	1
deformation	Colon_cells	img_1	pred_10.png	22865.0	694.0	698.0								5	1
deformation	Colon_cells	img_1	pred_11.png	22834.0	723.0	729.0								16	1
deformation	Colon_cells	img_1	pred_12.png	22798.0	759.0	765.0								17	1
deformation	Colon_cells	img_1	pred_13.png	22687.0	866.0	876.0								8	1
deformation	Colon_cells	img_1	pred_14.png	22660.0	891.0	903.0								12	1
deformation	Colon_cells	img_1	pred_15.png	22610.0	941.0	953.0								1	1
deformation	Colon_cells	img_1	pred_16.png	22574.0	979.0	989.0								3	1
deformation	Colon_cells	img_1	pred_17.png	22525.0	1025.0	1038.0								18	1
deformation	Colon_cells	img_1	pred_18.png	22490.0	1059.0	1073.0								4	1
deformation	Colon_cells	img_1	pred_19.png	22448.0	1109.0	1115.0								15	1
deformation	CREMI	img_0	gt.png	25478.0	0.0	0.0								0	1
deformation	CREMI	img_0	pred_0.png	25382.0	100.0	96.0								2	1
deformation	CREMI	img_0	pred_1.png	25341.0	146.0	137.0								11	1
deformation	CREMI	img_0	pred_2.png	25311.0	174.0	167.0								6	1
deformation	CREMI	img_0	pred_3.png	25244.0	249.0	234.0								13	1
deformation	CREMI	img_0	pred_4.png	25204.0	291.0	274.0								7	1
deformation	CREMI	img_0	pred_5.png	25130.0	370.0	348.0								14	1
deformation	CREMI	img_0	pred_6.png	25074.0	432.0	404.0								9	1
deformation	CREMI	img_0	pred_7.png	25050.0	459.0	428.0								10	1
deformation	CREMI	img_0	pred_8.png	24995.0	517.0	483.0								19	1
deformation	CREMI	img_0	pred_9.png	24957.0	560.0	521.0								20	1
deformation	CREMI	img_0	pred_10.png	24933.0	585.0	545.0								5	1
deformation	CREMI	img_0	pred_11.png	24901.0	616.0	577.0								16	1
deformation	CREMI	img_0	pred_12.png	24814.0	704.0	664.0								17	1
deformation	CREMI	img_0	pred_13.png	24765.0	754.0	713.0								8	1
deformation	CREMI	img_0	pred_14.png	24751.0	768.0	727.0								12	1
deformation	CREMI	img_0	pred_15.png	24699.0	816.0	779.0								1	1
deformation	CREMI	img_0	pred_16.png	24657.0	856.0	821.0								3	1
deformation	CREMI	img_0	pred_17.png	24641.0	873.0	837.0								18	1
deformation	CREMI	img_0	pred_18.png	24598.0	920.0	880.0								4	1
deformation	CREMI	img_0	pred_19.png	24574.0	944.0	904.0								15	1
deformation	CREMI	img_2	gt.png	25641.0	0.0	0.0								0	1
deformation	CREMI	img_2	pred_0.png	25531.0	121.0	110.0								2	1
deformation	CREMI	img_2	pred_1.png	25491.0	158.0	150.0								11	1
deformation	CREMI	img_2	pred_2.png	25422.0	221.0	219.0								6	1
deformation	CREMI	img_2	pred_3.png	25396.0	243.0	245.0								13	1
deformation	CREMI	img_2	pred_4.png	25365.0	276.0	276.0								7	1
deformation	CREMI	img_2	pred_5.png	25213.0	429.0	428.0								14	1
deformation	CREMI	img_2	pred_6.png	25169.0	469.0	472.0								9	1
deformation	CREMI	img_2	pred_7.png	25135.0	502.0	506.0								10	1
deformation	CREMI	img_2	pred_8.png	25109.0	537.0	532.0								19	1
deformation	CREMI	img_2	pred_9.png	25073.0	570.0	568.0								20	1
deformation	CREMI	img_2	pred_10.png	25029.0	618.0	612.0								5	1
deformation	CREMI	img_2	pred_11.png	25011.0	635.0	630.0								16	1
deformation	CREMI	img_2	pred_12.png	24965.0	680.0	676.0								17	1
deformation	CREMI	img_2	pred_13.png	24938.0	707.0	703.0								8	1
deformation	CREMI	img_2	pred_14.png	24912.0	737.0	729.0								12	1
deformation	CREMI	img_2	pred_15.png	24847.0	802.0	794.0								1	1
deformation	CREMI	img_2	pred_16.png	24784.0	865.0	857.0								3	1
deformation	CREMI	img_2	pred_17.png	24767.0	875.0	874.0								18	1
deformation	CREMI	img_2	pred_18.png	24731.0	914.0	910.0								4	1
deformation	CREMI	img_2	pred_19.png	24685.0	963.0	956.0								15	1
deformation	CREMI	img_1	gt.png	25520.0	0.0	0.0								0	1
deformation	CREMI	img_1	pred_0.png	25492.0	31.0	28.0								2	1
deformation	CREMI	img_1	pred_1.png	25489.0	35.0	31.0								11	1
deformation	CREMI	img_1	pred_2.png	25489.0	35.0	31.0								6	1
deformation	CREMI	img_1	pred_3.png	25464.0	60.0	56.0								13	1
deformation	CREMI	img_1	pred_4.png	25449.0	75.0	71.0								7	1
deformation	CREMI	img_1	pred_5.png	25442.0	82.0	78.0								14	1
deformation	CREMI	img_1	pred_6.png	25431.0	97.0	89.0								9	1
deformation	CREMI	img_1	pred_7.png	25407.0	119.0	113.0								10	1
deformation	CREMI	img_1	pred_8.png	25392.0	134.0	128.0								19	1
deformation	CREMI	img_1	pred_9.png	25378.0	148.0	142.0								20	1
deformation	CREMI	img_1	pred_10.png	25364.0	161.0	156.0								5	1
deformation	CREMI	img_1	pred_11.png	25278.0	247.0	242.0								16	1
deformation	CREMI	img_1	pred_12.png	25273.0	252.0	247.0								17	1
deformation	CREMI	img_1	pred_13.png	25268.0	260.0	252.0								8	1
deformation	CREMI	img_1	pred_14.png	25263.0	265.0	257.0								12	1
deformation	CREMI	img_1	pred_15.png	25263.0	265.0	257.0								1	1
deformation	CREMI	img_1	pred_16.png	25252.0	279.0	268.0								3	1
deformation	CREMI	img_1	pred_17.png	25244.0	288.0	276.0								18	1
deformation	CREMI	img_1	pred_18.png	25231.0	301.0	289.0								4	1
deformation	CREMI	img_1	pred_19.png	25215.0	313.0	305.0								15	1
deformation	LES-AV	img_0	gt.png	158725.0	0.0	0.0								0	1
deformation	LES-AV	img_0	pred_0.png	158534.0	205.0	191.0								2	1
deformation	LES-AV	img_0	pred_1.png	158096.0	671.0	629.0								11	1
deformation	LES-AV	img_0	pred_2.png	157853.0	920.0	872.0								6	1
deformation	LES-AV	img_0	pred_3.png	156835.0	1975.0	1890.0								13	1
deformation	LES-AV	img_0	pred_4.png	156544.0	2284.0	2181.0								7	1
deformation	LES-AV	img_0	pred_5.png	155839.0	3040.0	2886.0								14	1
deformation	LES-AV	img_0	pred_6.png	155627.0	3299.0	3098.0								9	1
deformation	LES-AV	img_0	pred_7.png	155459.0	3474.0	3266.0								10	1
deformation	LES-AV	img_0	pred_8.png	154924.0	4012.0	3801.0								19	1
deformation	LES-AV	img_0	pred_9.png	154516.0	4448.0	4209.0								20	1
deformation	LES-AV	img_0	pred_10.png	154116.0	4841.0	4609.0								5	1
deformation	LES-AV	img_0	pred_11.png	153538.0	5419.0	5187.0								16	1
deformation	LES-AV	img_0	pred_12.png	153103.0	5860.0	5622.0								17	1
deformation	LES-AV	img_0	pred_13.png	153088.0	5873.0	5637.0								8	1
deformation	LES-AV	img_0	pred_14.png	152939.0	6016.0	5786.0								12	1
deformation	LES-AV	img_0	pred_15.png	152734.0	6238.0	5991.0								1	1
deformation	LES-AV	img_0	pred_16.png	152303.0	6667.0	6422.0								3	1
deformation	LES-AV	img_0	pred_17.png	152271.0	6709.0	6454.0								18	1
deformation	LES-AV	img_0	pred_18.png	152096.0	6889.0	6629.0								4	1
deformation	LES-AV	img_0	pred_19.png	152005.0	6997.0	6720.0								15	1
deformation	LES-AV	img_2	gt.png	224228.0	0.0	0.0								0	1
deformation	LES-AV	img_2	pred_0.png	224086.0	157.0	142.0								2	1
deformation	LES-AV	img_2	pred_1.png	223413.0	876.0	815.0								11	1
deformation	LES-AV	img_2	pred_2.png	222857.0	1495.0	1371.0								6	1
deformation	LES-AV	img_2	pred_3.png	222484.0	1899.0	1744.0								13	1
deformation	LES-AV	img_2	pred_4.png	222050.0	2336.0	2178.0								7	1
deformation	LES-AV	img_2	pred_5.png	221984.0	2409.0	2244.0								14	1
deformation	LES-AV	img_2	pred_6.png	221722.0	2678.0	2506.0								9	1
deformation	LES-AV	img_2	pred_7.png	221572.0	2810.0	2656.0								10	1
deformation	LES-AV	img_2	pred_8.png	221289.0	3104.0	2939.0								19	1
deformation	LES-AV	img_2	pred_9.png	221066.0	3337.0	3162.0								20	1
deformation	LES-AV	img_2	pred_10.png	221056.0	3351.0	3172.0								5	1
deformation	LES-AV	img_2	pred_11.png	220851.0	3575.0	3377.0								16	1
deformation	LES-AV	img_2	pred_12.png	220738.0	3715.0	3490.0								17	1
deformation	LES-AV	img_2	pred_13.png	220584.0	3887.0	3644.0								8	1
deformation	LES-AV	img_2	pred_14.png	220359.0	4130.0	3869.0								12	1
deformation	LES-AV	img_2	pred_15.png	220264.0	4249.0	3964.0								1	1
deformation	LES-AV	img_2	pred_16.png	220152.0	4382.0	4076.0								3	1
deformation	LES-AV	img_2	pred_17.png	219769.0	4775.0	4459.0								18	1
deformation	LES-AV	img_2	pred_18.png	219593.0	4979.0	4635.0								4	1
deformation	LES-AV	img_2	pred_19.png	219434.0	5160.0	4794.0								15	1
deformation	LES-AV	img_1	gt.png	209704.0	0.0	0.0								0	1
deformation	LES-AV	img_1	pred_0.png	209153.0	583.0	551.0								2	1
deformation	LES-AV	img_1	pred_1.png	208617.0	1120.0	1087.0								11	1
deformation	LES-AV	img_1	pred_2.png	208435.0	1310.0	1269.0								6	1
deformation	LES-AV	img_1	pred_3.png	207864.0	1923.0	1840.0								13	1
deformation	LES-AV	img_1	pred_4.png	207218.0	2595.0	2486.0								7	1
deformation	LES-AV	img_1	pred_5.png	206843.0	2992.0	2861.0								14	1
deformation	LES-AV	img_1	pred_6.png	206638.0	3211.0	3066.0								9	1
deformation	LES-AV	img_1	pred_7.png	206448.0	3428.0	3256.0								10	1
deformation	LES-AV	img_1	pred_8.png	206201.0	3654.0	3503.0								19	1
deformation	LES-AV	img_1	pred_9.png	205802.0	4040.0	3902.0								20	1
deformation	LES-AV	img_1	pred_10.png	205572.0	4278.0	4132.0								5	1
deformation	LES-AV	img_1	pred_11.png	205325.0	4530.0	4379.0								16	1
deformation	LES-AV	img_1	pred_12.png	204902.0	4964.0	4802.0								17	1
deformation	LES-AV	img_1	pred_13.png	204668.0	5226.0	5036.0								8	1
deformation	LES-AV	img_1	pred_14.png	204412.0	5495.0	5292.0								12	1
deformation	LES-AV	img_1	pred_15.png	204139.0	5789.0	5565.0								1	1
deformation	LES-AV	img_1	pred_16.png	203847.0	6096.0	5857.0								3	1
deformation	LES-AV	img_1	pred_17.png	203697.0	6296.0	6007.0								18	1
deformation	LES-AV	img_1	pred_18.png	203511.0	6500.0	6193.0								4	1
deformation	LES-AV	img_1	pred_19.png	203260.0	6768.0	6444.0								15	1
deformation	Minivess	img_0	gt.png	63267.0	0.0	0.0								0	1
deformation	Minivess	img_0	pred_0.png	63035.0	249.0	232.0								2	1
deformation	Minivess	img_0	pred_1.png	62824.0	501.0	443.0								11	1
deformation	Minivess	img_0	pred_2.png	62560.0	788.0	707.0								6	1
deformation	Minivess	img_0	pred_3.png	62415.0	964.0	852.0								13	1
deformation	Minivess	img_0	pred_4.png	62232.0	1180.0	1035.0								7	1
deformation	Minivess	img_0	pred_5.png	62177.0	1223.0	1090.0								14	1
deformation	Minivess	img_0	pred_6.png	62102.0	1297.0	1165.0								9	1
deformation	Minivess	img_0	pred_7.png	62003.0	1391.0	1264.0								10	1
deformation	Minivess	img_0	pred_8.png	61970.0	1417.0	1297.0								19	1
deformation	Minivess	img_0	pred_9.png	61964.0	1534.0	1303.0								20	1
deformation	Minivess	img_0	pred_10.png	61921.0	1638.0	1346.0								5	1
deformation	Minivess	img_0	pred_11.png	61876.0	1720.0	1391.0								16	1
deformation	Minivess	img_0	pred_12.png	61765.0	1881.0	1502.0								17	1
deformation	Minivess	img_0	pred_13.png	61664.0	2005.0	1603.0								8	1
deformation	Minivess	img_0	pred_14.png	61515.0	2162.0	1752.0								12	1
deformation	Minivess	img_0	pred_15.png	61444.0	2223.0	1823.0								1	1
deformation	Minivess	img_0	pred_16.png	61373.0	2332.0	1894.0								3	1
deformation	Minivess	img_0	pred_17.png	61292.0	2364.0	1975.0								18	1
deformation	Minivess	img_0	pred_18.png	61212.0	2461.0	2055.0								4	1
deformation	Minivess	img_0	pred_19.png	61169.0	2507.0	2098.0								15	1
deformation	Minivess	img_2	gt.png	44722.0	0.0	0.0								0	1
deformation	Minivess	img_2	pred_0.png	44511.0	215.0	211.0								2	1
deformation	Minivess	img_2	pred_1.png	44471.0	255.0	251.0								11	1
deformation	Minivess	img_2	pred_2.png	44445.0	278.0	277.0								6	1
deformation	Minivess	img_2	pred_3.png	44389.0	324.0	333.0								13	1
deformation	Minivess	img_2	pred_4.png	44307.0	405.0	415.0								7	1
deformation	Minivess	img_2	pred_5.png	44259.0	457.0	463.0								14	1
deformation	Minivess	img_2	pred_6.png	44255.0	461.0	467.0								9	1
deformation	Minivess	img_2	pred_7.png	44266.0	448.0	456.0								10	1
deformation	Minivess	img_2	pred_8.png	44257.0	460.0	465.0								19	1
deformation	Minivess	img_2	pred_9.png	44245.0	473.0	477.0								20	1
deformation	Minivess	img_2	pred_10.png	44185.0	524.0	537.0								5	1
deformation	Minivess	img_2	pred_11.png	44188.0	533.0	534.0								16	1
deformation	Minivess	img_2	pred_12.png	44157.0	546.0	565.0								17	1
deformation	Minivess	img_2	pred_13.png	44145.0	559.0	577.0								8	1
deformation	Minivess	img_2	pred_14.png	44107.0	604.0	615.0								12	1
deformation	Minivess	img_2	pred_15.png	44076.0	610.0	646.0								1	1
deformation	Minivess	img_2	pred_16.png	44068.0	630.0	654.0								3	1
deformation	Minivess	img_2	pred_17.png	44059.0	639.0	663.0								18	1
deformation	Minivess	img_2	pred_18.png	44049.0	688.0	673.0								4	1
deformation	Minivess	img_2	pred_19.png	44039.0	686.0	683.0								15	1
deformation	Minivess	img_1	gt.png	56469.0	0.0	0.0								0	1
deformation	Minivess	img_1	pred_0.png	56325.0	91.0	144.0								2	1
deformation	Minivess	img_1	pred_1.png	56143.0	283.0	326.0								11	1
deformation	Minivess	img_1	pred_2.png	55954.0	485.0	515.0								6	1
deformation	Minivess	img_1	pred_3.png	55790.0	699.0	679.0								13	1
deformation	Minivess	img_1	pred_4.png	55736.0	752.0	733.0								7	1
deformation	Minivess	img_1	pred_5.png	55711.0	766.0	758.0								14	1
deformation	Minivess	img_1	pred_6.png	55515.0	983.0	954.0								9	1
deformation	Minivess	img_1	pred_7.png	55480.0	1045.0	989.0								10	1
deformation	Minivess	img_1	pred_8.png	55452.0	1111.0	1017.0								19	1
deformation	Minivess	img_1	pred_9.png	55264.0	1188.0	1205.0								20	1
deformation	Minivess	img_1	pred_10.png	55195.0	1253.0	1274.0								5	1
deformation	Minivess	img_1	pred_11.png	55129.0	1309.0	1340.0								16	1
deformation	Minivess	img_1	pred_12.png	55107.0	1337.0	1362.0								17	1
deformation	Minivess	img_1	pred_13.png	55167.0	1280.0	1302.0								8	1
deformation	Minivess	img_1	pred_14.png	55029.0	1402.0	1440.0								12	1
deformation	Minivess	img_1	pred_15.png	54955.0	1462.0	1514.0								1	1
deformation	Minivess	img_1	pred_16.png	54870.0	1552.0	1599.0								3	1
deformation	Minivess	img_1	pred_17.png	54831.0	1578.0	1638.0								18	1
deformation	Minivess	img_1	pred_18.png	54777.0	1668.0	1692.0								4	1
deformation	Minivess	img_1	pred_19.png	54733.0	1715.0	1736.0								15	1
deformation	NeuroMorpho	img_0	gt.png	59104.0	0.0	0.0								0	1
deformation	NeuroMorpho	img_0	pred_0.png	58820.0	302.0	284.0								2	1
deformation	NeuroMorpho	img_0	pred_1.png	58729.0	392.0	375.0								11	1
deformation	NeuroMorpho	img_0	pred_2.png	58656.0	471.0	448.0								6	1
deformation	NeuroMorpho	img_0	pred_3.png	58592.0	540.0	512.0								13	1
deformation	NeuroMorpho	img_0	pred_4.png	58444.0	691.0	660.0								7	1
deformation	NeuroMorpho	img_0	pred_5.png	58309.0	827.0	795.0								14	1
deformation	NeuroMorpho	img_0	pred_6.png	58202.0	943.0	902.0								9	1
deformation	NeuroMorpho	img_0	pred_7.png	58167.0	974.0	937.0								10	1
deformation	NeuroMorpho	img_0	pred_8.png	58121.0	1025.0	983.0								19	1
deformation	NeuroMorpho	img_0	pred_9.png	58041.0	1115.0	1063.0								20	1
deformation	NeuroMorpho	img_0	pred_10.png	57900.0	1258.0	1204.0								5	1
deformation	NeuroMorpho	img_0	pred_11.png	57801.0	1360.0	1303.0								16	1
deformation	NeuroMorpho	img_0	pred_12.png	57750.0	1409.0	1354.0								17	1
deformation	NeuroMorpho	img_0	pred_13.png	57714.0	1443.0	1390.0								8	1
deformation	NeuroMorpho	img_0	pred_14.png	57657.0	1509.0	1447.0								12	1
deformation	NeuroMorpho	img_0	pred_15.png	57591.0	1578.0	1513.0								1	1
deformation	NeuroMorpho	img_0	pred_16.png	57437.0	1742.0	1667.0								3	1
deformation	NeuroMorpho	img_0	pred_17.png	57403.0	1773.0	1701.0								18	1
deformation	NeuroMorpho	img_0	pred_18.png	57307.0	1870.0	1797.0								4	1
deformation	NeuroMorpho	img_0	pred_19.png	57257.0	1930.0	1847.0								15	1
deformation	NeuroMorpho	img_2	gt.png	86444.0	0.0	0.0								0	1
deformation	NeuroMorpho	img_1	gt.png	67749.0	0.0	0.0								0	1
deformation	NeuroMorpho	img_1	pred_0.png	67689.0	78.0	60.0								2	1
deformation	NeuroMorpho	img_1	pred_1.png	67545.0	216.0	204.0								11	1
deformation	NeuroMorpho	img_1	pred_2.png	67472.0	290.0	277.0								6	1
deformation	NeuroMorpho	img_1	pred_3.png	67404.0	359.0	345.0								13	1
deformation	NeuroMorpho	img_1	pred_4.png	67385.0	376.0	364.0								7	1
deformation	NeuroMorpho	img_1	pred_5.png	67265.0	492.0	484.0								14	1
deformation	NeuroMorpho	img_1	pred_6.png	67114.0	645.0	635.0								9	1
deformation	NeuroMorpho	img_1	pred_7.png	66984.0	779.0	765.0								10	1
deformation	NeuroMorpho	img_1	pred_8.png	66938.0	832.0	811.0								19	1
deformation	NeuroMorpho	img_1	pred_9.png	66900.0	867.0	849.0								20	1
deformation	NeuroMorpho	img_1	pred_10.png	66831.0	937.0	918.0								5	1
deformation	NeuroMorpho	img_1	pred_11.png	66751.0	1015.0	998.0								16	1
deformation	NeuroMorpho	img_1	pred_12.png	66672.0	1099.0	1077.0								17	1
deformation	NeuroMorpho	img_1	pred_13.png	66566.0	1214.0	1183.0								8	1
deformation	NeuroMorpho	img_1	pred_14.png	66534.0	1244.0	1215.0								12	1
deformation	NeuroMorpho	img_1	pred_15.png	66465.0	1316.0	1284.0								1	1
deformation	NeuroMorpho	img_1	pred_16.png	66376.0	1400.0	1373.0								3	1
deformation	NeuroMorpho	img_1	pred_17.png	66305.0	1472.0	1444.0								18	1
deformation	NeuroMorpho	img_1	pred_18.png	66260.0	1517.0	1489.0								4	1
deformation	NeuroMorpho	img_1	pred_19.png	66235.0	1543.0	1514.0								15	1
radius_dilation	Roads	img_0	gt.png	148257.0	0.0	0.0								0	1
radius_dilation	Roads	img_0	pred_0.png	148257.0	468.0	0.0								2	1
radius_dilation	Roads	img_0	pred_1.png	148257.0	1069.0	0.0								11	1
radius_dilation	Roads	img_0	pred_2.png	148257.0	1764.0	0.0								6	1
radius_dilation	Roads	img_0	pred_3.png	148257.0	2447.0	0.0								13	1
radius_dilation	Roads	img_0	pred_4.png	148257.0	2975.0	0.0								7	1
radius_dilation	Roads	img_0	pred_5.png	148257.0	3652.0	0.0								14	1
radius_dilation	Roads	img_0	pred_6.png	148257.0	4294.0	0.0								9	1
radius_dilation	Roads	img_0	pred_7.png	148257.0	4403.0	0.0								10	1
radius_dilation	Roads	img_0	pred_8.png	148257.0	5366.0	0.0								19	1
radius_dilation	Roads	img_0	pred_9.png	148257.0	6033.0	0.0								20	1
radius_dilation	Roads	img_0	pred_10.png	148257.0	7051.0	0.0								5	1
radius_dilation	Roads	img_0	pred_11.png	148257.0	7591.0	0.0								16	1
radius_dilation	Roads	img_0	pred_12.png	148257.0	7766.0	0.0								17	1
radius_dilation	Roads	img_0	pred_13.png	148257.0	8032.0	0.0								8	1
radius_dilation	Roads	img_0	pred_14.png	148257.0	8536.0	0.0								12	1
radius_dilation	Roads	img_0	pred_15.png	148257.0	10128.0	0.0								1	1
radius_dilation	Roads	img_0	pred_16.png	148257.0	10991.0	0.0								3	1
radius_dilation	Roads	img_0	pred_17.png	148257.0	11440.0	0.0								18	1
radius_dilation	Roads	img_0	pred_18.png	148257.0	12331.0	0.0								4	1
radius_dilation	Roads	img_0	pred_19.png	148257.0	13691.0	0.0								15	1
radius_dilation	Roads	img_2	gt.png	206563.0	0.0	0.0								0	1
radius_dilation	Roads	img_2	pred_0.png	206563.0	862.0	0.0								2	1
radius_dilation	Roads	img_2	pred_1.png	206563.0	1617.0	0.0								11	1
radius_dilation	Roads	img_2	pred_2.png	206563.0	3095.0	0.0								6	1
radius_dilation	Roads	img_2	pred_3.png	206563.0	3957.0	0.0								13	1
radius_dilation	Roads	img_2	pred_4.png	206563.0	4618.0	0.0								7	1
radius_dilation	Roads	img_2	pred_5.png	206563.0	5587.0	0.0								14	1
radius_dilation	Roads	img_2	pred_6.png	206563.0	6084.0	0.0								9	1
radius_dilation	Roads	img_2	pred_7.png	206563.0	6334.0	0.0								10	1
radius_dilation	Roads	img_2	pred_8.png	206563.0	7390.0	0.0								19	1
radius_dilation	Roads	img_2	pred_9.png	206563.0	8655.0	0.0								20	1
radius_dilation	Roads	img_2	pred_10.png	206563.0	9061.0	0.0								5	1
radius_dilation	Roads	img_2	pred_11.png	206563.0	10012.0	0.0								16	1
radius_dilation	Roads	img_2	pred_12.png	206563.0	11881.0	0.0								17	1
radius_dilation	Roads	img_2	pred_13.png	206563.0	12946.0	0.0								8	1
radius_dilation	Roads	img_2	pred_14.png	206563.0	13209.0	0.0								12	1
radius_dilation	Roads	img_2	pred_15.png	206563.0	13347.0	0.0								1	1
radius_dilation	Roads	img_2	pred_16.png	206563.0	13729.0	0.0								3	1
radius_dilation	Roads	img_2	pred_17.png	206563.0	14331.0	0.0								18	1
radius_dilation	Roads	img_2	pred_18.png	206563.0	15039.0	0.0								4	1
radius_dilation	Roads	img_2	pred_19.png	206563.0	16099.0	0.0								15	1
radius_dilation	Roads	img_1	gt.png	190626.0	0.0	0.0								0	1
radius_dilation	Roads	img_1	pred_0.png	190626.0	457.0	0.0								2	1
radius_dilation	Roads	img_1	pred_1.png	190626.0	1727.0	0.0								11	1
radius_dilation	Roads	img_1	pred_2.png	190626.0	1924.0	0.0								6	1
radius_dilation	Roads	img_1	pred_3.png	190626.0	2362.0	0.0								13	1
radius_dilation	Roads	img_1	pred_4.png	190626.0	2699.0	0.0								7	1
radius_dilation	Roads	img_1	pred_5.png	190626.0	4080.0	0.0								14	1
radius_dilation	Roads	img_1	pred_6.png	190626.0	5010.0	0.0								9	1
radius_dilation	Roads	img_1	pred_7.png	190626.0	5388.0	0.0								10	1
radius_dilation	Roads	img_1	pred_8.png	190626.0	6101.0	0.0								19	1
radius_dilation	Roads	img_1	pred_9.png	190626.0	6577.0	0.0								20	1
radius_dilation	Roads	img_1	pred_10.png	190626.0	7008.0	0.0								5	1
radius_dilation	Roads	img_1	pred_11.png	190626.0	8083.0	0.0								16	1
radius_dilation	Roads	img_1	pred_12.png	190626.0	8211.0	0.0								17	1
radius_dilation	Roads	img_1	pred_13.png	190626.0	8470.0	0.0								8	1
radius_dilation	Roads	img_1	pred_14.png	190626.0	8516.0	0.0								12	1
radius_dilation	Roads	img_1	pred_15.png	190626.0	8783.0	0.0								1	1
radius_dilation	Roads	img_1	pred_16.png	190626.0	8851.0	0.0								3	1
radius_dilation	Roads	img_1	pred_17.png	190626.0	9197.0	0.0								18	1
radius_dilation	Roads	img_1	pred_18.png	190626.0	9751.0	0.0								4	1
radius_dilation	Roads	img_1	pred_19.png	190626.0	10034.0	0.0								15	1
radius_dilation	Colon_cells	img_0	gt.png	11002.0	0.0	0.0								0	1
radius_dilation	Colon_cells	img_0	pred_0.png	11002.0	542.0	0.0								2	1
radius_dilation	Colon_cells	img_0	pred_1.png	11002.0	827.0	0.0								11	1
radius_dilation	Colon_cells	img_0	pred_2.png	11002.0	1187.0	0.0								6	1
radius_dilation	Colon_cells	img_0	pred_3.png	11002.0	1492.0	0.0								13	1
radius_dilation	Colon_cells	img_0	pred_4.png	11002.0	1781.0	0.0								7	1
radius_dilation	Colon_cells	img_0	pred_5.png	11002.0	2020.0	0.0								14	1
radius_dilation	Colon_cells	img_0	pred_6.png	11002.0	2347.0	0.0								9	1
radius_dilation	Colon_cells	img_0	pred_7.png	11002.0	2876.0	0.0								10	1
radius_dilation	Colon_cells	img_0	pred_8.png	11002.0	3064.0	0.0								19	1
radius_dilation	Colon_cells	img_0	pred_9.png	11002.0	3264.0	0.0								20	1
radius_dilation	Colon_cells	img_0	pred_10.png	11002.0	3478.0	0.0								5	1
radius_dilation	Colon_cells	img_0	pred_11.png	11002.0	3901.0	0.0								16	1
radius_dilation	Colon_cells	img_0	pred_12.png	11002.0	4237.0	0.0								17	1
radius_dilation	Colon_cells	img_0	pred_13.png	11002.0	4503.0	0.0								8	1
radius_dilation	Colon_cells	img_0	pred_14.png	11002.0	4816.0	0.0								12	1
radius_dilation	Colon_cells	img_0	pred_15.png	11002.0	5069.0	0.0								1	1
radius_dilation	Colon_cells	img_0	pred_16.png	11002.0	5249.0	0.0								3	1
radius_dilation	Colon_cells	img_0	pred_17.png	11002.0	5523.0	0.0								18	1
radius_dilation	Colon_cells	img_0	pred_18.png	11002.0	5892.0	0.0								4	1
radius_dilation	Colon_cells	img_0	pred_19.png	11002.0	6112.0	0.0								15	1
radius_dilation	Colon_cells	img_2	gt.png	22641.0	0.0	0.0								0	1
radius_dilation	Colon_cells	img_2	pred_0.png	22641.0	280.0	0.0								2	1
radius_dilation	Colon_cells	img_2	pred_1.png	22641.0	551.0	0.0								11	1
radius_dilation	Colon_cells	img_2	pred_2.png	22641.0	909.0	0.0								6	1
radius_dilation	Colon_cells	img_2	pred_3.png	22641.0	1351.0	0.0								13	1
radius_dilation	Colon_cells	img_2	pred_4.png	22641.0	1684.0	0.0								7	1
radius_dilation	Colon_cells	img_2	pred_5.png	22641.0	1994.0	0.0								14	1
radius_dilation	Colon_cells	img_2	pred_6.png	22641.0	2445.0	0.0								9	1
radius_dilation	Colon_cells	img_2	pred_7.png	22641.0	2766.0	0.0								10	1
radius_dilation	Colon_cells	img_2	pred_8.png	22641.0	3090.0	0.0								19	1
radius_dilation	Colon_cells	img_2	pred_9.png	22641.0	3433.0	0.0								20	1
radius_dilation	Colon_cells	img_2	pred_10.png	22641.0	3779.0	0.0								5	1
radius_dilation	Colon_cells	img_2	pred_11.png	22641.0	4085.0	0.0								16	1
radius_dilation	Colon_cells	img_2	pred_12.png	22641.0	4362.0	0.0								17	1
radius_dilation	Colon_cells	img_2	pred_13.png	22641.0	4698.0	0.0								8	1
radius_dilation	Colon_cells	img_2	pred_14.png	22641.0	5105.0	0.0								12	1
radius_dilation	Colon_cells	img_2	pred_15.png	22641.0	5224.0	0.0								1	1
radius_dilation	Colon_cells	img_2	pred_16.png	22641.0	5545.0	0.0								3	1
radius_dilation	Colon_cells	img_2	pred_17.png	22641.0	5769.0	0.0								18	1
radius_dilation	Colon_cells	img_2	pred_18.png	22641.0	6028.0	0.0								4	1
radius_dilation	Colon_cells	img_2	pred_19.png	22641.0	6239.0	0.0								15	1
radius_dilation	Colon_cells	img_1	gt.png	23563.0	0.0	0.0								0	1
radius_dilation	Colon_cells	img_1	pred_0.png	23563.0	431.0	0.0								2	1
radius_dilation	Colon_cells	img_1	pred_1.png	23563.0	730.0	0.0								11	1
radius_dilation	Colon_cells	img_1	pred_2.png	23563.0	1105.0	0.0								6	1
radius_dilation	Colon_cells	img_1	pred_3.png	23563.0	1415.0	0.0								13	1
radius_dilation	Colon_cells	img_1	pred_4.png	23563.0	1669.0	0.0								7	1
radius_dilation	Colon_cells	img_1	pred_5.png	23563.0	1969.0	0.0								14	1
radius_dilation	Colon_cells	img_1	pred_6.png	23563.0	2241.0	0.0								9	1
radius_dilation	Colon_cells	img_1	pred_7.png	23563.0	2473.0	0.0								10	1
radius_dilation	Colon_cells	img_1	pred_8.png	23563.0	2809.0	0.0								19	1
radius_dilation	Colon_cells	img_1	pred_9.png	23563.0	3018.0	0.0								20	1
radius_dilation	Colon_cells	img_1	pred_10.png	23563.0	3149.0	0.0								5	1
radius_dilation	Colon_cells	img_1	pred_11.png	23563.0	3460.0	0.0								16	1
radius_dilation	Colon_cells	img_1	pred_12.png	23563.0	3912.0	0.0								17	1
radius_dilation	Colon_cells	img_1	pred_13.png	23563.0	4146.0	0.0								8	1
radius_dilation	Colon_cells	img_1	pred_14.png	23563.0	4406.0	0.0								12	1
radius_dilation	Colon_cells	img_1	pred_15.png	23563.0	4906.0	0.0								1	1
radius_dilation	Colon_cells	img_1	pred_16.png	23563.0	5087.0	0.0								3	1
radius_dilation	Colon_cells	img_1	pred_17.png	23563.0	5347.0	0.0								18	1
radius_dilation	Colon_cells	img_1	pred_18.png	23563.0	5606.0	0.0								4	1
radius_dilation	Colon_cells	img_1	pred_19.png	23563.0	5785.0	0.0								15	1
radius_dilation	CREMI	img_0	gt.png	25478.0	0.0	0.0								0	1
radius_dilation	CREMI	img_0	pred_0.png	25478.0	45.0	0.0								2	1
radius_dilation	CREMI	img_0	pred_1.png	25478.0	113.0	0.0								11	1
radius_dilation	CREMI	img_0	pred_2.png	25478.0	145.0	0.0								6	1
radius_dilation	CREMI	img_0	pred_3.png	25478.0	169.0	0.0								13	1
radius_dilation	CREMI	img_0	pred_4.png	25478.0	246.0	0.0								7	1
radius_dilation	CREMI	img_0	pred_5.png	25478.0	264.0	0.0								14	1
radius_dilation	CREMI	img_0	pred_6.png	25478.0	344.0	0.0								9	1
radius_dilation	CREMI	img_0	pred_7.png	25478.0	438.0	0.0								10	1
radius_dilation	CREMI	img_0	pred_8.png	25478.0	505.0	0.0								19	1
radius_dilation	CREMI	img_0	pred_9.png	25478.0	567.0	0.0								20	1
radius_dilation	CREMI	img_0	pred_10.png	25478.0	580.0	0.0								5	1
radius_dilation	CREMI	img_0	pred_11.png	25478.0	699.0	0.0								16	1
radius_dilation	CREMI	img_0	pred_12.png	25478.0	725.0	0.0								17	1
radius_dilation	CREMI	img_0	pred_13.png	25478.0	778.0	0.0								8	1
radius_dilation	CREMI	img_0	pred_14.png	25478.0	853.0	0.0								12	1
radius_dilation	CREMI	img_0	pred_15.png	25478.0	950.0	0.0								1	1
radius_dilation	CREMI	img_0	pred_16.png	25478.0	1010.0	0.0								3	1
radius_dilation	CREMI	img_0	pred_17.png	25478.0	1048.0	0.0								18	1
radius_dilation	CREMI	img_0	pred_18.png	25478.0	1079.0	0.0								4	1
radius_dilation	CREMI	img_0	pred_19.png	25478.0	1121.0	0.0								15	1
radius_dilation	CREMI	img_2	gt.png	25641.0	0.0	0.0								0	1
radius_dilation	CREMI	img_2	pred_0.png	25641.0	68.0	0.0								2	1
radius_dilation	CREMI	img_2	pred_1.png	25641.0	87.0	0.0								11	1
radius_dilation	CREMI	img_2	pred_2.png	25641.0	176.0	0.0								6	1
radius_dilation	CREMI	img_2	pred_3.png	25641.0	252.0	0.0								13	1
radius_dilation	CREMI	img_2	pred_4.png	25641.0	269.0	0.0								7	1
radius_dilation	CREMI	img_2	pred_5.png	25641.0	283.0	0.0								14	1
radius_dilation	CREMI	img_2	pred_6.png	25641.0	304.0	0.0								9	1
radius_dilation	CREMI	img_2	pred_7.png	25641.0	343.0	0.0								10	1
radius_dilation	CREMI	img_2	pred_8.png	25641.0	389.0	0.0								19	1
radius_dilation	CREMI	img_2	pred_9.png	25641.0	523.0	0.0								20	1
radius_dilation	CREMI	img_2	pred_10.png	25641.0	585.0	0.0								5	1
radius_dilation	CREMI	img_2	pred_11.png	25641.0	602.0	0.0								16	1
radius_dilation	CREMI	img_2	pred_12.png	25641.0	619.0	0.0								17	1
radius_dilation	CREMI	img_2	pred_13.png	25641.0	663.0	0.0								8	1
radius_dilation	CREMI	img_2	pred_14.png	25641.0	700.0	0.0								12	1
radius_dilation	CREMI	img_2	pred_15.png	25641.0	772.0	0.0								1	1
radius_dilation	CREMI	img_2	pred_16.png	25641.0	800.0	0.0								3	1
radius_dilation	CREMI	img_2	pred_17.png	25641.0	850.0	0.0								18	1
radius_dilation	CREMI	img_2	pred_18.png	25641.0	868.0	0.0								4	1
radius_dilation	CREMI	img_2	pred_19.png	25641.0	897.0	0.0								15	1
radius_dilation	CREMI	img_1	gt.png	25520.0	0.0	0.0								0	1
radius_dilation	CREMI	img_1	pred_0.png	25520.0	67.0	0.0								2	1
radius_dilation	CREMI	img_1	pred_1.png	25520.0	96.0	0.0								11	1
radius_dilation	CREMI	img_1	pred_2.png	25520.0	134.0	0.0								6	1
radius_dilation	CREMI	img_1	pred_3.png	25520.0	182.0	0.0								13	1
radius_dilation	CREMI	img_1	pred_4.png	25520.0	234.0	0.0								7	1
radius_dilation	CREMI	img_1	pred_5.png	25520.0	274.0	0.0								14	1
radius_dilation	CREMI	img_1	pred_6.png	25520.0	321.0	0.0								9	1
radius_dilation	CREMI	img_1	pred_7.png	25520.0	356.0	0.0								10	1
radius_dilation	CREMI	img_1	pred_8.png	25520.0	390.0	0.0								19	1
radius_dilation	CREMI	img_1	pred_9.png	25520.0	445.0	0.0								20	1
radius_dilation	CREMI	img_1	pred_10.png	25520.0	455.0	0.0								5	1
radius_dilation	CREMI	img_1	pred_11.png	25520.0	500.0	0.0								16	1
radius_dilation	CREMI	img_1	pred_12.png	25520.0	599.0	0.0								17	1
radius_dilation	CREMI	img_1	pred_13.png	25520.0	648.0	0.0								8	1
radius_dilation	CREMI	img_1	pred_14.png	25520.0	681.0	0.0								12	1
radius_dilation	CREMI	img_1	pred_15.png	25520.0	709.0	0.0								1	1
radius_dilation	CREMI	img_1	pred_16.png	25520.0	740.0	0.0								3	1
radius_dilation	CREMI	img_1	pred_17.png	25520.0	790.0	0.0								18	1
radius_dilation	CREMI	img_1	pred_18.png	25520.0	821.0	0.0								4	1
radius_dilation	CREMI	img_1	pred_19.png	25520.0	847.0	0.0								15	1
radius_dilation	LES-AV	img_0	gt.png	158725.0	0.0	0.0								0	1
radius_dilation	LES-AV	img_0	pred_0.png	158725.0	2711.0	0.0								2	1
radius_dilation	LES-AV	img_0	pred_1.png	158725.0	5201.0	0.0								11	1
radius_dilation	LES-AV	img_0	pred_2.png	158725.0	5886.0	0.0								6	1
radius_dilation	LES-AV	img_0	pred_3.png	158725.0	7364.0	0.0								13	1
radius_dilation	LES-AV	img_0	pred_4.png	158725.0	7746.0	0.0								7	1
radius_dilation	LES-AV	img_0	pred_5.png	158725.0	8161.0	0.0								14	1
radius_dilation	LES-AV	img_0	pred_6.png	158725.0	8614.0	0.0								9	1
radius_dilation	LES-AV	img_0	pred_7.png	158725.0	9019.0	0.0								10	1
radius_dilation	LES-AV	img_0	pred_8.png	158725.0	9851.0	0.0								19	1
radius_dilation	LES-AV	img_0	pred_9.png	158725.0	15115.0	0.0								20	1
radius_dilation	LES-AV	img_0	pred_10.png	158725.0	16860.0	0.0								5	1
radius_dilation	LES-AV	img_0	pred_11.png	158725.0	17882.0	0.0								16	1
radius_dilation	LES-AV	img_0	pred_12.png	158725.0	20209.0	0.0								17	1
radius_dilation	LES-AV	img_0	pred_13.png	158725.0	21909.0	0.0								8	1
radius_dilation	LES-AV	img_0	pred_14.png	158725.0	23020.0	0.0								12	1
radius_dilation	LES-AV	img_0	pred_15.png	158725.0	24089.0	0.0								1	1
radius_dilation	LES-AV	img_0	pred_16.png	158725.0	24884.0	0.0								3	1
radius_dilation	LES-AV	img_0	pred_17.png	158725.0	26158.0	0.0								18	1
radius_dilation	LES-AV	img_0	pred_18.png	158725.0	27948.0	0.0								4	1
radius_dilation	LES-AV	img_0	pred_19.png	158725.0	28634.0	0.0								15	1
radius_dilation	LES-AV	img_2	gt.png	224228.0	0.0	0.0								0	1
radius_dilation	LES-AV	img_2	pred_0.png	224228.0	791.0	0.0								2	1
radius_dilation	LES-AV	img_2	pred_1.png	224228.0	2110.0	0.0								11	1
radius_dilation	LES-AV	img_2	pred_2.png	224228.0	4845.0	0.0								6	1
radius_dilation	LES-AV	img_2	pred_3.png	224228.0	6795.0	0.0								13	1
radius_dilation	LES-AV	img_2	pred_4.png	224228.0	7636.0	0.0								7	1
radius_dilation	LES-AV	img_2	pred_5.png	224228.0	10221.0	0.0								14	1
radius_dilation	LES-AV	img_2	pred_6.png	224228.0	11317.0	0.0								9	1
radius_dilation	LES-AV	img_2	pred_7.png	224228.0	14011.0	0.0								10	1
radius_dilation	LES-AV	img_2	pred_8.png	224228.0	14827.0	0.0								19	1
radius_dilation	LES-AV	img_2	pred_9.png	224228.0	16154.0	0.0								20	1
radius_dilation	LES-AV	img_2	pred_10.png	224228.0	16842.0	0.0								5	1
radius_dilation	LES-AV	img_2	pred_11.png	224228.0	18185.0	0.0								16	1
radius_dilation	LES-AV	img_2	pred_12.png	224228.0	20153.0	0.0								17	1
radius_dilation	LES-AV	img_2	pred_13.png	224228.0	22185.0	0.0								8	1
radius_dilation	LES-AV	img_2	pred_14.png	224228.0	26221.0	0.0								12	1
radius_dilation	LES-AV	img_2	pred_15.png	224228.0	27951.0	0.0								1	1
radius_dilation	LES-AV	img_2	pred_16.png	224228.0	31252.0	0.0								3	1
radius_dilation	LES-AV	img_2	pred_17.png	224228.0	32874.0	0.0								18	1
radius_dilation	LES-AV	img_2	pred_18.png	224228.0	34881.0	0.0								4	1
radius_dilation	LES-AV	img_2	pred_19.png	224228.0	35919.0	0.0								15	1
radius_dilation	LES-AV	img_1	gt.png	209704.0	0.0	0.0								0	1
radius_dilation	LES-AV	img_1	pred_0.png	209704.0	766.0	0.0								2	1
radius_dilation	LES-AV	img_1	pred_1.png	209704.0	2044.0	0.0								11	1
radius_dilation	LES-AV	img_1	pred_2.png	209704.0	3920.0	0.0								6	1
radius_dilation	LES-AV	img_1	pred_3.png	209704.0	7758.0	0.0								13	1
radius_dilation	LES-AV	img_1	pred_4.png	209704.0	8569.0	0.0								7	1
radius_dilation	LES-AV	img_1	pred_5.png	209704.0	9652.0	0.0								14	1
radius_dilation	LES-AV	img_1	pred_6.png	209704.0	11951.0	0.0								9	1
radius_dilation	LES-AV	img_1	pred_7.png	209704.0	13079.0	0.0								10	1
radius_dilation	LES-AV	img_1	pred_8.png	209704.0	13872.0	0.0								19	1
radius_dilation	LES-AV	img_1	pred_9.png	209704.0	14387.0	0.0								20	1
radius_dilation	LES-AV	img_1	pred_10.png	209704.0	15160.0	0.0								5	1
radius_dilation	LES-AV	img_1	pred_11.png	209704.0	18533.0	0.0								16	1
radius_dilation	LES-AV	img_1	pred_12.png	209704.0	19135.0	0.0								17	1
radius_dilation	LES-AV	img_1	pred_13.png	209704.0	20102.0	0.0								8	1
radius_dilation	LES-AV	img_1	pred_14.png	209704.0	20710.0	0.0								12	1
radius_dilation	LES-AV	img_1	pred_15.png	209704.0	21960.0	0.0								1	1
radius_dilation	LES-AV	img_1	pred_16.png	209704.0	22496.0	0.0								3	1
radius_dilation	LES-AV	img_1	pred_17.png	209704.0	23315.0	0.0								18	1
radius_dilation	LES-AV	img_1	pred_18.png	209704.0	25326.0	0.0								4	1
radius_dilation	LES-AV	img_1	pred_19.png	209704.0	26089.0	0.0								15	1
radius_dilation	Minivess	img_0	gt.png	63267.0	0.0	0.0								0	1
radius_dilation	Minivess	img_0	pred_0.png	63267.0	475.0	0.0								2	1
radius_dilation	Minivess	img_0	pred_1.png	63267.0	1356.0	0.0								11	1
radius_dilation	Minivess	img_0	pred_2.png	63267.0	4782.0	0.0								6	1
radius_dilation	Minivess	img_0	pred_3.png	63267.0	5399.0	0.0								13	1
radius_dilation	Minivess	img_0	pred_4.png	63267.0	6076.0	0.0								7	1
radius_dilation	Minivess	img_0	pred_5.png	63267.0	7755.0	0.0								14	1
radius_dilation	Minivess	img_0	pred_6.png	63267.0	9544.0	0.0								9	1
radius_dilation	Minivess	img_0	pred_7.png	63267.0	10463.0	0.0								10	1
radius_dilation	Minivess	img_0	pred_8.png	63267.0	10693.0	0.0								19	1
radius_dilation	Minivess	img_0	pred_9.png	63267.0	11050.0	0.0								20	1
radius_dilation	Minivess	img_0	pred_10.png	63267.0	11270.0	0.0								5	1
radius_dilation	Minivess	img_0	pred_11.png	63267.0	11777.0	0.0								16	1
radius_dilation	Minivess	img_0	pred_12.png	63267.0	12101.0	0.0								17	1
radius_dilation	Minivess	img_0	pred_13.png	63267.0	14912.0	0.0								8	1
radius_dilation	Minivess	img_0	pred_14.png	63267.0	15374.0	0.0								12	1
radius_dilation	Minivess	img_0	pred_15.png	63267.0	15996.0	0.0								1	1
radius_dilation	Minivess	img_0	pred_16.png	63267.0	17755.0	0.0								3	1
radius_dilation	Minivess	img_0	pred_17.png	63267.0	18839.0	0.0								18	1
radius_dilation	Minivess	img_0	pred_18.png	63267.0	19151.0	0.0								4	1
radius_dilation	Minivess	img_0	pred_19.png	63267.0	20729.0	0.0								15	1
radius_dilation	Minivess	img_2	gt.png	44722.0	0.0	0.0								0	1
radius_dilation	Minivess	img_2	pred_0.png	44722.0	2056.0	0.0								2	1
radius_dilation	Minivess	img_2	pred_1.png	44722.0	3342.0	0.0								11	1
radius_dilation	Minivess	img_2	pred_2.png	44722.0	3493.0	0.0								6	1
radius_dilation	Minivess	img_2	pred_3.png	44722.0	3990.0	0.0								13	1
radius_dilation	Minivess	img_2	pred_4.png	44722.0	4872.0	0.0								7	1
radius_dilation	Minivess	img_2	pred_5.png	44722.0	5728.0	0.0								14	1
radius_dilation	Minivess	img_2	pred_6.png	44722.0	6282.0	0.0								9	1
radius_dilation	Minivess	img_2	pred_7.png	44722.0	6683.0	0.0								10	1
radius_dilation	Minivess	img_2	pred_8.png	44722.0	7911.0	0.0								19	1
radius_dilation	Minivess	img_2	pred_9.png	44722.0	11867.0	0.0								20	1
radius_dilation	Minivess	img_2	pred_10.png	44722.0	15916.0	0.0								5	1
radius_dilation	Minivess	img_2	pred_11.png	44722.0	16768.0	0.0								16	1
radius_dilation	Minivess	img_2	pred_12.png	44722.0	17824.0	0.0								17	1
radius_dilation	Minivess	img_2	pred_13.png	44722.0	18015.0	0.0								8	1
radius_dilation	Minivess	img_2	pred_14.png	44722.0	19547.0	0.0								12	1
radius_dilation	Minivess	img_2	pred_15.png	44722.0	20696.0	0.0								1	1
radius_dilation	Minivess	img_2	pred_16.png	44722.0	21054.0	0.0								3	1
radius_dilation	Minivess	img_2	pred_17.png	44722.0	22842.0	0.0								18	1
radius_dilation	Minivess	img_2	pred_18.png	44722.0	23354.0	0.0								4	1
radius_dilation	Minivess	img_2	pred_19.png	44722.0	23849.0	0.0								15	1
radius_dilation	Minivess	img_1	gt.png	56469.0	0.0	0.0								0	1
radius_dilation	Minivess	img_1	pred_0.png	56469.0	1002.0	0.0								2	1
radius_dilation	Minivess	img_1	pred_1.png	56469.0	1662.0	0.0								11	1
radius_dilation	Minivess	img_1	pred_2.png	56469.0	3756.0	0.0								6	1
radius_dilation	Minivess	img_1	pred_3.png	56469.0	4370.0	0.0								13	1
radius_dilation	Minivess	img_1	pred_4.png	56469.0	4952.0	0.0								7	1
radius_dilation	Minivess	img_1	pred_5.png	56469.0	6020.0	0.0								14	1
radius_dilation	Minivess	img_1	pred_6.png	56469.0	7316.0	0.0								9	1
radius_dilation	Minivess	img_1	pred_7.png	56469.0	8468.0	0.0								10	1
radius_dilation	Minivess	img_1	pred_8.png	56469.0	9374.0	0.0								19	1
radius_dilation	Minivess	img_1	pred_9.png	56469.0	9779.0	0.0								20	1
radius_dilation	Minivess	img_1	pred_10.png	56469.0	10567.0	0.0								5	1
radius_dilation	Minivess	img_1	pred_11.png	56469.0	11305.0	0.0								16	1
radius_dilation	Minivess	img_1	pred_12.png	56469.0	13791.0	0.0								17	1
radius_dilation	Minivess	img_1	pred_13.png	56469.0	14233.0	0.0								8	1
radius_dilation	Minivess	img_1	pred_14.png	56469.0	15556.0	0.0								12	1
radius_dilation	Minivess	img_1	pred_15.png	56469.0	18479.0	0.0								1	1
radius_dilation	Minivess	img_1	pred_16.png	56469.0	19246.0	0.0								3	1
radius_dilation	Minivess	img_1	pred_17.png	56469.0	19606.0	0.0								18	1
radius_dilation	Minivess	img_1	pred_18.png	56469.0	20005.0	0.0								4	1
radius_dilation	Minivess	img_1	pred_19.png	56469.0	21149.0	0.0								15	1
radius_dilation	NeuroMorpho	img_0	gt.png	59104.0	0.0	0.0								0	1
radius_dilation	NeuroMorpho	img_0	pred_0.png	59104.0	106.0	0.0								2	1
radius_dilation	NeuroMorpho	img_0	pred_1.png	59104.0	238.0	0.0								11	1
radius_dilation	NeuroMorpho	img_0	pred_2.png	59104.0	309.0	0.0								6	1
radius_dilation	NeuroMorpho	img_0	pred_3.png	59104.0	396.0	0.0								13	1
radius_dilation	NeuroMorpho	img_0	pred_4.png	59104.0	616.0	0.0								7	1
radius_dilation	NeuroMorpho	img_0	pred_5.png	59104.0	736.0	0.0								14	1
radius_dilation	NeuroMorpho	img_0	pred_6.png	59104.0	884.0	0.0								9	1
radius_dilation	NeuroMorpho	img_0	pred_7.png	59104.0	1068.0	0.0								10	1
radius_dilation	NeuroMorpho	img_0	pred_8.png	59104.0	1118.0	0.0								19	1
radius_dilation	NeuroMorpho	img_0	pred_9.png	59104.0	1202.0	0.0								20	1
radius_dilation	NeuroMorpho	img_0	pred_10.png	59104.0	1252.0	0.0								5	1
radius_dilation	NeuroMorpho	img_0	pred_11.png	59104.0	1412.0	0.0								16	1
radius_dilation	NeuroMorpho	img_0	pred_12.png	59104.0	1601.0	0.0								17	1
radius_dilation	NeuroMorpho	img_0	pred_13.png	59104.0	1839.0	0.0								8	1
radius_dilation	NeuroMorpho	img_0	pred_14.png	59104.0	1904.0	0.0								12	1
radius_dilation	NeuroMorpho	img_0	pred_15.png	59104.0	2097.0	0.0								1	1
radius_dilation	NeuroMorpho	img_0	pred_16.png	59104.0	2157.0	0.0								3	1
radius_dilation	NeuroMorpho	img_0	pred_17.png	59104.0	2296.0	0.0								18	1
radius_dilation	NeuroMorpho	img_0	pred_18.png	59104.0	2400.0	0.0								4	1
radius_dilation	NeuroMorpho	img_0	pred_19.png	59104.0	2562.0	0.0								15	1
radius_dilation	NeuroMorpho	img_2	gt.png	86444.0	0.0	0.0								0	1
radius_dilation	NeuroMorpho	img_2	pred_0.png	86444.0	84.0	0.0								2	1
radius_dilation	NeuroMorpho	img_2	pred_1.png	86444.0	140.0	0.0								11	1
radius_dilation	NeuroMorpho	img_2	pred_2.png	86444.0	208.0	0.0								6	1
radius_dilation	NeuroMorpho	img_2	pred_3.png	86444.0	222.0	0.0								13	1
radius_dilation	NeuroMorpho	img_2	pred_4.png	86444.0	328.0	0.0								7	1
radius_dilation	NeuroMorpho	img_2	pred_5.png	86444.0	364.0	0.0								14	1
radius_dilation	NeuroMorpho	img_2	pred_6.png	86444.0	473.0	0.0								9	1
radius_dilation	NeuroMorpho	img_2	pred_7.png	86444.0	556.0	0.0								10	1
radius_dilation	NeuroMorpho	img_2	pred_8.png	86444.0	895.0	0.0								19	1
radius_dilation	NeuroMorpho	img_2	pred_9.png	86444.0	1046.0	0.0								20	1
radius_dilation	NeuroMorpho	img_2	pred_10.png	86444.0	1096.0	0.0								5	1
radius_dilation	NeuroMorpho	img_2	pred_11.png	86444.0	1400.0	0.0								16	1
radius_dilation	NeuroMorpho	img_2	pred_12.png	86444.0	1592.0	0.0								17	1
radius_dilation	NeuroMorpho	img_2	pred_13.png	86444.0	1775.0	0.0								8	1
radius_dilation	NeuroMorpho	img_2	pred_14.png	86444.0	1914.0	0.0								12	1
radius_dilation	NeuroMorpho	img_2	pred_15.png	86444.0	1941.0	0.0								1	1
radius_dilation	NeuroMorpho	img_2	pred_16.png	86444.0	1976.0	0.0								3	1
radius_dilation	NeuroMorpho	img_2	pred_17.png	86444.0	2047.0	0.0								18	1
radius_dilation	NeuroMorpho	img_2	pred_18.png	86444.0	2169.0	0.0								4	1
radius_dilation	NeuroMorpho	img_2	pred_19.png	86444.0	2343.0	0.0								15	1
radius_dilation	NeuroMorpho	img_1	gt.png	67749.0	0.0	0.0								0	1
radius_dilation	NeuroMorpho	img_1	pred_0.png	67749.0	275.0	0.0								2	1
radius_dilation	NeuroMorpho	img_1	pred_1.png	67749.0	317.0	0.0								11	1
radius_dilation	NeuroMorpho	img_1	pred_2.png	67749.0	372.0	0.0								6	1
radius_dilation	NeuroMorpho	img_1	pred_3.png	67749.0	502.0	0.0								13	1
radius_dilation	NeuroMorpho	img_1	pred_4.png	67749.0	593.0	0.0								7	1
radius_dilation	NeuroMorpho	img_1	pred_5.png	67749.0	648.0	0.0								14	1
radius_dilation	NeuroMorpho	img_1	pred_6.png	67749.0	845.0	0.0								9	1
radius_dilation	NeuroMorpho	img_1	pred_7.png	67749.0	952.0	0.0								10	1
radius_dilation	NeuroMorpho	img_1	pred_8.png	67749.0	1020.0	0.0								19	1
radius_dilation	NeuroMorpho	img_1	pred_9.png	67749.0	1132.0	0.0								20	1
radius_dilation	NeuroMorpho	img_1	pred_10.png	67749.0	1153.0	0.0								5	1
radius_dilation	NeuroMorpho	img_1	pred_11.png	67749.0	1308.0	0.0								16	1
radius_dilation	NeuroMorpho	img_1	pred_12.png	67749.0	1343.0	0.0								17	1
radius_dilation	NeuroMorpho	img_1	pred_13.png	67749.0	1409.0	0.0								8	1
radius_dilation	NeuroMorpho	img_1	pred_14.png	67749.0	1433.0	0.0								12	1
radius_dilation	NeuroMorpho	img_1	pred_15.png	67749.0	1637.0	0.0								1	1
radius_dilation	NeuroMorpho	img_1	pred_16.png	67749.0	1761.0	0.0								3	1
radius_dilation	NeuroMorpho	img_1	pred_17.png	67749.0	1822.0	0.0								18	1
radius_dilation	NeuroMorpho	img_1	pred_18.png	67749.0	1848.0	0.0								4	1
radius_dilation	NeuroMorpho	img_1	pred_19.png	67749.0	1956.0	0.0								15	1
radius_erosion	Roads	img_0	gt.png	148257.0	0.0	0.0								0	1
radius_erosion	Roads	img_0	pred_0.png	147835.0	0.0	422.0								2	1
radius_erosion	Roads	img_0	pred_1.png	147326.0	0.0	931.0								11	1
radius_erosion	Roads	img_0	pred_2.png	147055.0	0.0	1202.0								6	1
radius_erosion	Roads	img_0	pred_3.png	146993.0	0.0	1264.0								13	1
radius_erosion	Roads	img_0	pred_4.png	146638.0	0.0	1619.0								7	1
radius_erosion	Roads	img_0	pred_5.png	145238.0	0.0	3019.0								14	1
radius_erosion	Roads	img_0	pred_6.png	144505.0	0.0	3752.0								9	1
radius_erosion	Roads	img_0	pred_7.png	144306.0	0.0	3951.0								10	1
radius_erosion	Roads	img_0	pred_8.png	143890.0	0.0	4367.0								19	1
radius_erosion	Roads	img_0	pred_9.png	143511.0	0.0	4746.0								20	1
radius_erosion	Roads	img_0	pred_10.png	143336.0	0.0	4921.0								5	1
radius_erosion	Roads	img_0	pred_11.png	142678.0	0.0	5579.0								16	1
radius_erosion	Roads	img_0	pred_12.png	141790.0	0.0	6467.0								17	1
radius_erosion	Roads	img_0	pred_13.png	141501.0	0.0	6756.0								8	1
radius_erosion	Roads	img_0	pred_14.png	141246.0	0.0	7011.0								12	1
radius_erosion	Roads	img_0	pred_15.png	140880.0	0.0	7377.0								1	1
radius_erosion	Roads	img_0	pred_16.png	140668.0	0.0	7589.0								3	1
radius_erosion	Roads	img_0	pred_17.png	139587.0	0.0	8670.0								18	1
radius_erosion	Roads	img_0	pred_18.png	139036.0	0.0	9221.0								4	1
radius_erosion	Roads	img_0	pred_19.png	138835.0	0.0	9422.0								15	1
radius_erosion	Roads	img_2	gt.png	206563.0	0.0	0.0								0	1
radius_erosion	Roads	img_2	pred_0.png	204688.0	0.0	1875.0								2	1
radius_erosion	Roads	img_2	pred_1.png	204382.0	0.0	2181.0								11	1
radius_erosion	Roads	img_2	pred_2.png	203679.0	0.0	2884.0								6	1
radius_erosion	Roads	img_2	pred_3.png	202550.0	0.0	4013.0								13	1
radius_erosion	Roads	img_2	pred_4.png	202470.0	0.0	4093.0								7	1
radius_erosion	Roads	img_2	pred_5.png	201541.0	0.0	5022.0								14	1
radius_erosion	Roads	img_2	pred_6.png	201156.0	0.0	5407.0								9	1
radius_erosion	Roads	img_2	pred_7.png	200687.0	0.0	5876.0								10	1
radius_erosion	Roads	img_2	pred_8.png	200354.0	0.0	6209.0								19	1
radius_erosion	Roads	img_2	pred_9.png	199868.0	0.0	6695.0								20	1
radius_erosion	Roads	img_2	pred_10.png	199455.0	0.0	7108.0								5	1
radius_erosion	Roads	img_2	pred_11.png	199353.0	0.0	7210.0								16	1
radius_erosion	Roads	img_2	pred_12.png	198684.0	0.0	7879.0								17	1
radius_erosion	Roads	img_2	pred_13.png	198281.0	0.0	8282.0								8	1
radius_erosion	Roads	img_2	pred_14.png	197806.0	0.0	8757.0								12	1
radius_erosion	Roads	img_2	pred_15.png	197626.0	0.0	8937.0								1	1
radius_erosion	Roads	img_2	pred_16.png	197350.0	0.0	9213.0								3	1
radius_erosion	Roads	img_2	pred_17.png	196612.0	0.0	9951.0								18	1
radius_erosion	Roads	img_2	pred_18.png	196466.0	0.0	10097.0								4	1
radius_erosion	Roads	img_2	pred_19.png	195863.0	0.0	10700.0								15	1
radius_erosion	Roads	img_1	gt.png	190626.0	0.0	0.0								0	1
radius_erosion	Roads	img_1	pred_0.png	189412.0	0.0	1214.0								2	1
radius_erosion	Roads	img_1	pred_1.png	189095.0	0.0	1531.0								11	1
radius_erosion	Roads	img_1	pred_2.png	188696.0	0.0	1930.0								6	1
radius_erosion	Roads	img_1	pred_3.png	188518.0	0.0	2108.0								13	1
radius_erosion	Roads	img_1	pred_4.png	188376.0	0.0	2250.0								7	1
radius_erosion	Roads	img_1	pred_5.png	188161.0	0.0	2465.0								14	1
radius_erosion	Roads	img_1	pred_6.png	187476.0	0.0	3150.0								9	1
radius_erosion	Roads	img_1	pred_7.png	187277.0	0.0	3349.0								10	1
radius_erosion	Roads	img_1	pred_8.png	187097.0	0.0	3529.0								19	1
radius_erosion	Roads	img_1	pred_9.png	186801.0	0.0	3825.0								20	1
radius_erosion	Roads	img_1	pred_10.png	186450.0	0.0	4176.0								5	1
radius_erosion	Roads	img_1	pred_11.png	186039.0	0.0	4587.0								16	1
radius_erosion	Roads	img_1	pred_12.png	185254.0	0.0	5372.0								17	1
radius_erosion	Roads	img_1	pred_13.png	184743.0	0.0	5883.0								8	1
radius_erosion	Roads	img_1	pred_14.png	184458.0	0.0	6168.0								12	1
radius_erosion	Roads	img_1	pred_15.png	183906.0	0.0	6720.0								1	1
radius_erosion	Roads	img_1	pred_16.png	183209.0	0.0	7417.0								3	1
radius_erosion	Roads	img_1	pred_17.png	183007.0	0.0	7619.0								18	1
radius_erosion	Roads	img_1	pred_18.png	182647.0	0.0	7979.0								4	1
radius_erosion	Roads	img_1	pred_19.png	182585.0	0.0	8041.0								15	1
radius_erosion	Colon_cells	img_0	gt.png	11002.0	0.0	0.0								0	1
radius_erosion	Colon_cells	img_0	pred_0.png	10933.0	0.0	69.0								2	1
radius_erosion	Colon_cells	img_0	pred_1.png	10878.0	0.0	124.0								11	1
radius_erosion	Colon_cells	img_0	pred_2.png	10760.0	0.0	242.0								6	1
radius_erosion	Colon_cells	img_0	pred_3.png	10693.0	0.0	309.0								13	1
radius_erosion	Colon_cells	img_0	pred_4.png	10554.0	0.0	448.0								7	1
radius_erosion	Colon_cells	img_0	pred_5.png	10475.0	0.0	527.0								14	1
radius_erosion	Colon_cells	img_0	pred_6.png	10414.0	0.0	588.0								9	1
radius_erosion	Colon_cells	img_0	pred_7.png	10342.0	0.0	660.0								10	1
radius_erosion	Colon_cells	img_0	pred_8.png	10233.0	0.0	769.0								19	1
radius_erosion	Colon_cells	img_0	pred_9.png	10168.0	0.0	834.0								20	1
radius_erosion	Colon_cells	img_0	pred_10.png	10131.0	0.0	871.0								5	1
radius_erosion	Colon_cells	img_0	pred_11.png	9990.0	0.0	1012.0								16	1
radius_erosion	Colon_cells	img_0	pred_12.png	9870.0	0.0	1132.0								17	1
radius_erosion	Colon_cells	img_0	pred_13.png	9817.0	0.0	1185.0								8	1
radius_erosion	Colon_cells	img_0	pred_14.png	9742.0	0.0	1260.0								12	1
radius_erosion	Colon_cells	img_0	pred_15.png	9610.0	0.0	1392.0								1	1
radius_erosion	Colon_cells	img_0	pred_16.png	9470.0	0.0	1532.0								3	1
radius_erosion	Colon_cells	img_0	pred_17.png	9296.0	0.0	1706.0								18	1
radius_erosion	Colon_cells	img_0	pred_18.png	9118.0	0.0	1884.0								4	1
radius_erosion	Colon_cells	img_0	pred_19.png	9080.0	0.0	1922.0								15	1
radius_erosion	Colon_cells	img_2	gt.png	22641.0	0.0	0.0								0	1
radius_erosion	Colon_cells	img_2	pred_0.png	22577.0	0.0	64.0								2	1
radius_erosion	Colon_cells	img_2	pred_1.png	22490.0	0.0	151.0								11	1
radius_erosion	Colon_cells	img_2	pred_2.png	22434.0	0.0	207.0								6	1
radius_erosion	Colon_cells	img_2	pred_3.png	22290.0	0.0	351.0								13	1
radius_erosion	Colon_cells	img_2	pred_4.png	22198.0	0.0	443.0								7	1
radius_erosion	Colon_cells	img_2	pred_5.png	22072.0	0.0	569.0								14	1
radius_erosion	Colon_cells	img_2	pred_6.png	22021.0	0.0	620.0								9	1
radius_erosion	Colon_cells	img_2	pred_7.png	21898.0	0.0	743.0								10	1
radius_erosion	Colon_cells	img_2	pred_8.png	21745.0	0.0	896.0								19	1
radius_erosion	Colon_cells	img_2	pred_9.png	21648.0	0.0	993.0								20	1
radius_erosion	Colon_cells	img_2	pred_10.png	21512.0	0.0	1129.0								5	1
radius_erosion	Colon_cells	img_2	pred_11.png	21411.0	0.0	1230.0								16	1
radius_erosion	Colon_cells	img_2	pred_12.png	21305.0	0.0	1336.0								17	1
radius_erosion	Colon_cells	img_2	pred_13.png	21218.0	0.0	1423.0								8	1
radius_erosion	Colon_cells	img_2	pred_14.png	21134.0	0.0	1507.0								12	1
radius_erosion	Colon_cells	img_2	pred_15.png	21057.0	0.0	1584.0								1	1
radius_erosion	Colon_cells	img_2	pred_16.png	20960.0	0.0	1681.0								3	1
radius_erosion	Colon_cells	img_2	pred_17.png	20849.0	0.0	1792.0								18	1
radius_erosion	Colon_cells	img_2	pred_18.png	20773.0	0.0	1868.0								4	1
radius_erosion	Colon_cells	img_2	pred_19.png	20597.0	0.0	2044.0								15	1
radius_erosion	Colon_cells	img_1	gt.png	23563.0	0.0	0.0								0	1
radius_erosion	Colon_cells	img_1	pred_0.png	23465.0	0.0	98.0								2	1
radius_erosion	Colon_cells	img_1	pred_1.png	23357.0	0.0	206.0								11	1
radius_erosion	Colon_cells	img_1	pred_2.png	23270.0	0.0	293.0								6	1
radius_erosion	Colon_cells	img_1	pred_3.png	23163.0	0.0	400.0								13	1
radius_erosion	Colon_cells	img_1	pred_4.png	23080.0	0.0	483.0								7	1
radius_erosion	Colon_cells	img_1	pred_5.png	23029.0	0.0	534.0								14	1
radius_erosion	Colon_cells	img_1	pred_6.png	22956.0	0.0	607.0								9	1
radius_erosion	Colon_cells	img_1	pred_7.png	22822.0	0.0	741.0								10	1
radius_erosion	Colon_cells	img_1	pred_8.png	22712.0	0.0	851.0								19	1
radius_erosion	Colon_cells	img_1	pred_9.png	22679.0	0.0	884.0								20	1
radius_erosion	Colon_cells	img_1	pred_10.png	22655.0	0.0	908.0								5	1
radius_erosion	Colon_cells	img_1	pred_11.png	22637.0	0.0	926.0								16	1
radius_erosion	Colon_cells	img_1	pred_12.png	22561.0	0.0	1002.0								17	1
radius_erosion	Colon_cells	img_1	pred_13.png	22468.0	0.0	1095.0								8	1
radius_erosion	Colon_cells	img_1	pred_14.png	22430.0	0.0	1133.0								12	1
radius_erosion	Colon_cells	img_1	pred_15.png	22319.0	0.0	1244.0								1	1
radius_erosion	Colon_cells	img_1	pred_16.png	22197.0	0.0	1366.0								3	1
radius_erosion	Colon_cells	img_1	pred_17.png	22128.0	0.0	1435.0								18	1
radius_erosion	Colon_cells	img_1	pred_18.png	22093.0	0.0	1470.0								4	1
radius_erosion	Colon_cells	img_1	pred_19.png	22013.0	0.0	1550.0								15	1
radius_erosion	CREMI	img_0	gt.png	25478.0	0.0	0.0								0	1
radius_erosion	CREMI	img_2	gt.png	25641.0	0.0	0.0								0	1
radius_erosion	CREMI	img_1	gt.png	25520.0	0.0	0.0								0	1
radius_erosion	LES-AV	img_0	gt.png	158725.0	0.0	0.0								0	1
radius_erosion	LES-AV	img_0	pred_0.png	157723.0	0.0	1002.0								2	1
radius_erosion	LES-AV	img_0	pred_1.png	157278.0	0.0	1447.0								11	1
radius_erosion	LES-AV	img_0	pred_2.png	156945.0	0.0	1780.0								6	1
radius_erosion	LES-AV	img_0	pred_3.png	155296.0	0.0	3429.0								13	1
radius_erosion	LES-AV	img_0	pred_4.png	154721.0	0.0	4004.0								7	1
radius_erosion	LES-AV	img_0	pred_5.png	154219.0	0.0	4506.0								14	1
radius_erosion	LES-AV	img_0	pred_6.png	152003.0	0.0	6722.0								9	1
radius_erosion	LES-AV	img_0	pred_7.png	148789.0	0.0	9936.0								10	1
radius_erosion	LES-AV	img_0	pred_8.png	148260.0	0.0	10465.0								19	1
radius_erosion	LES-AV	img_0	pred_9.png	147025.0	0.0	11700.0								20	1
radius_erosion	LES-AV	img_0	pred_10.png	146874.0	0.0	11851.0								5	1
radius_erosion	LES-AV	img_0	pred_11.png	146327.0	0.0	12398.0								16	1
radius_erosion	LES-AV	img_0	pred_12.png	144607.0	0.0	14118.0								17	1
radius_erosion	LES-AV	img_0	pred_13.png	143517.0	0.0	15208.0								8	1
radius_erosion	LES-AV	img_0	pred_14.png	142669.0	0.0	16056.0								12	1
radius_erosion	LES-AV	img_0	pred_15.png	141557.0	0.0	17168.0								1	1
radius_erosion	LES-AV	img_0	pred_16.png	141382.0	0.0	17343.0								3	1
radius_erosion	LES-AV	img_0	pred_17.png	140649.0	0.0	18076.0								18	1
radius_erosion	LES-AV	img_0	pred_18.png	139912.0	0.0	18813.0								4	1
radius_erosion	LES-AV	img_0	pred_19.png	139367.0	0.0	19358.0								15	1
radius_erosion	LES-AV	img_2	gt.png	224228.0	0.0	0.0								0	1
radius_erosion	LES-AV	img_2	pred_0.png	221813.0	0.0	2415.0								2	1
radius_erosion	LES-AV	img_2	pred_1.png	218456.0	0.0	5772.0								11	1
radius_erosion	LES-AV	img_2	pred_2.png	217792.0	0.0	6436.0								6	1
radius_erosion	LES-AV	img_2	pred_3.png	216801.0	0.0	7427.0								13	1
radius_erosion	LES-AV	img_2	pred_4.png	216441.0	0.0	7787.0								7	1
radius_erosion	LES-AV	img_2	pred_5.png	215071.0	0.0	9157.0								14	1
radius_erosion	LES-AV	img_2	pred_6.png	210855.0	0.0	13373.0								9	1
radius_erosion	LES-AV	img_2	pred_7.png	209909.0	0.0	14319.0								10	1
radius_erosion	LES-AV	img_2	pred_8.png	209356.0	0.0	14872.0								19	1
radius_erosion	LES-AV	img_2	pred_9.png	208762.0	0.0	15466.0								20	1
radius_erosion	LES-AV	img_2	pred_10.png	206234.0	0.0	17994.0								5	1
radius_erosion	LES-AV	img_2	pred_11.png	205146.0	0.0	19082.0								16	1
radius_erosion	LES-AV	img_2	pred_12.png	204886.0	0.0	19342.0								17	1
radius_erosion	LES-AV	img_2	pred_13.png	203955.0	0.0	20273.0								8	1
radius_erosion	LES-AV	img_2	pred_14.png	202861.0	0.0	21367.0								12	1
radius_erosion	LES-AV	img_2	pred_15.png	202290.0	0.0	21938.0								1	1
radius_erosion	LES-AV	img_2	pred_16.png	200765.0	0.0	23463.0								3	1
radius_erosion	LES-AV	img_2	pred_17.png	198723.0	0.0	25505.0								18	1
radius_erosion	LES-AV	img_2	pred_18.png	197129.0	0.0	27099.0								4	1
radius_erosion	LES-AV	img_2	pred_19.png	196591.0	0.0	27637.0								15	1
radius_erosion	LES-AV	img_1	gt.png	209704.0	0.0	0.0								0	1
radius_erosion	LES-AV	img_1	pred_0.png	209152.0	0.0	552.0								2	1
radius_erosion	LES-AV	img_1	pred_1.png	207189.0	0.0	2515.0								11	1
radius_erosion	LES-AV	img_1	pred_2.png	203243.0	0.0	6461.0								6	1
radius_erosion	LES-AV	img_1	pred_3.png	202838.0	0.0	6866.0								13	1
radius_erosion	LES-AV	img_1	pred_4.png	202145.0	0.0	7559.0								7	1
radius_erosion	LES-AV	img_1	pred_5.png	201812.0	0.0	7892.0								14	1
radius_erosion	LES-AV	img_1	pred_6.png	201157.0	0.0	8547.0								9	1
radius_erosion	LES-AV	img_1	pred_7.png	200490.0	0.0	9214.0								10	1
radius_erosion	LES-AV	img_1	pred_8.png	200040.0	0.0	9664.0								19	1
radius_erosion	LES-AV	img_1	pred_9.png	198348.0	0.0	11356.0								20	1
radius_erosion	LES-AV	img_1	pred_10.png	198288.0	0.0	11416.0								5	1
radius_erosion	LES-AV	img_1	pred_11.png	197520.0	0.0	12184.0								16	1
radius_erosion	LES-AV	img_1	pred_12.png	195571.0	0.0	14133.0								17	1
radius_erosion	LES-AV	img_1	pred_13.png	194448.0	0.0	15256.0								8	1
radius_erosion	LES-AV	img_1	pred_14.png	192671.0	0.0	17033.0								12	1
radius_erosion	LES-AV	img_1	pred_15.png	191683.0	0.0	18021.0								1	1
radius_erosion	LES-AV	img_1	pred_16.png	191426.0	0.0	18278.0								3	1
radius_erosion	LES-AV	img_1	pred_17.png	190751.0	0.0	18953.0								18	1
radius_erosion	LES-AV	img_1	pred_18.png	190239.0	0.0	19465.0								4	1
radius_erosion	LES-AV	img_1	pred_19.png	188580.0	0.0	21124.0								15	1
radius_erosion	Minivess	img_0	gt.png	63267.0	0.0	0.0								0	1
radius_erosion	Minivess	img_0	pred_0.png	62503.0	0.0	764.0								2	1
radius_erosion	Minivess	img_0	pred_1.png	62348.0	0.0	919.0								11	1
radius_erosion	Minivess	img_0	pred_2.png	61255.0	0.0	2012.0								6	1
radius_erosion	Minivess	img_0	pred_3.png	59471.0	0.0	3796.0								13	1
radius_erosion	Minivess	img_0	pred_4.png	59237.0	0.0	4030.0								7	1
radius_erosion	Minivess	img_0	pred_5.png	58796.0	0.0	4471.0								14	1
radius_erosion	Minivess	img_0	pred_6.png	58275.0	0.0	4992.0								9	1
radius_erosion	Minivess	img_0	pred_7.png	58068.0	0.0	5199.0								10	1
radius_erosion	Minivess	img_0	pred_8.png	57495.0	0.0	5772.0								19	1
radius_erosion	Minivess	img_0	pred_9.png	55852.0	0.0	7415.0								20	1
radius_erosion	Minivess	img_0	pred_10.png	54823.0	0.0	8444.0								5	1
radius_erosion	Minivess	img_0	pred_11.png	53732.0	0.0	9535.0								16	1
radius_erosion	Minivess	img_0	pred_12.png	52612.0	0.0	10655.0								17	1
radius_erosion	Minivess	img_0	pred_13.png	50339.0	0.0	12928.0								8	1
radius_erosion	Minivess	img_0	pred_14.png	48961.0	0.0	14306.0								12	1
radius_erosion	Minivess	img_0	pred_15.png	48259.0	0.0	15008.0								1	1
radius_erosion	Minivess	img_0	pred_16.png	48026.0	0.0	15241.0								3	1
radius_erosion	Minivess	img_0	pred_17.png	47051.0	0.0	16216.0								18	1
radius_erosion	Minivess	img_0	pred_18.png	46283.0	0.0	16984.0								4	1
radius_erosion	Minivess	img_0	pred_19.png	46048.0	0.0	17219.0								15	1
radius_erosion	Minivess	img_2	gt.png	44722.0	0.0	0.0								0	1
radius_erosion	Minivess	img_2	pred_0.png	43694.0	0.0	1028.0								2	1
radius_erosion	Minivess	img_2	pred_1.png	43078.0	0.0	1644.0								11	1
radius_erosion	Minivess	img_2	pred_2.png	42514.0	0.0	2208.0								6	1
radius_erosion	Minivess	img_2	pred_3.png	39771.0	0.0	4951.0								13	1
radius_erosion	Minivess	img_2	pred_4.png	39645.0	0.0	5077.0								7	1
radius_erosion	Minivess	img_2	pred_5.png	39451.0	0.0	5271.0								14	1
radius_erosion	Minivess	img_2	pred_6.png	39261.0	0.0	5461.0								9	1
radius_erosion	Minivess	img_2	pred_7.png	38069.0	0.0	6653.0								10	1
radius_erosion	Minivess	img_2	pred_8.png	36656.0	0.0	8066.0								19	1
radius_erosion	Minivess	img_2	pred_9.png	36029.0	0.0	8693.0								20	1
radius_erosion	Minivess	img_2	pred_10.png	35897.0	0.0	8825.0								5	1
radius_erosion	Minivess	img_2	pred_11.png	35775.0	0.0	8947.0								16	1
radius_erosion	Minivess	img_2	pred_12.png	35654.0	0.0	9068.0								17	1
radius_erosion	Minivess	img_2	pred_13.png	35596.0	0.0	9126.0								8	1
radius_erosion	Minivess	img_2	pred_14.png	35322.0	0.0	9400.0								12	1
radius_erosion	Minivess	img_2	pred_15.png	34822.0	0.0	9900.0								1	1
radius_erosion	Minivess	img_2	pred_16.png	34589.0	0.0	10133.0								3	1
radius_erosion	Minivess	img_2	pred_17.png	34099.0	0.0	10623.0								18	1
radius_erosion	Minivess	img_2	pred_18.png	33107.0	0.0	11615.0								4	1
radius_erosion	Minivess	img_2	pred_19.png	32376.0	0.0	12346.0								15	1
radius_erosion	Minivess	img_1	gt.png	56469.0	0.0	0.0								0	1
radius_erosion	Minivess	img_1	pred_0.png	53438.0	0.0	3031.0								2	1
radius_erosion	Minivess	img_1	pred_1.png	52598.0	0.0	3871.0								11	1
radius_erosion	Minivess	img_1	pred_2.png	51931.0	0.0	4538.0								6	1
radius_erosion	Minivess	img_1	pred_3.png	51540.0	0.0	4929.0								13	1
radius_erosion	Minivess	img_1	pred_4.png	51008.0	0.0	5461.0								7	1
radius_erosion	Minivess	img_1	pred_5.png	50872.0	0.0	5597.0								14	1
radius_erosion	Minivess	img_1	pred_6.png	50082.0	0.0	6387.0								9	1
radius_erosion	Minivess	img_1	pred_7.png	49796.0	0.0	6673.0								10	1
radius_erosion	Minivess	img_1	pred_8.png	49458.0	0.0	7011.0								19	1
radius_erosion	Minivess	img_1	pred_9.png	48554.0	0.0	7915.0								20	1
radius_erosion	Minivess	img_1	pred_10.png	48354.0	0.0	8115.0								5	1
radius_erosion	Minivess	img_1	pred_11.png	47476.0	0.0	8993.0								16	1
radius_erosion	Minivess	img_1	pred_12.png	45695.0	0.0	10774.0								17	1
radius_erosion	Minivess	img_1	pred_13.png	45327.0	0.0	11142.0								8	1
radius_erosion	Minivess	img_1	pred_14.png	45000.0	0.0	11469.0								12	1
radius_erosion	Minivess	img_1	pred_15.png	44618.0	0.0	11851.0								1	1
radius_erosion	Minivess	img_1	pred_16.png	44320.0	0.0	12149.0								3	1
radius_erosion	Minivess	img_1	pred_17.png	43748.0	0.0	12721.0								18	1
radius_erosion	Minivess	img_1	pred_18.png	43329.0	0.0	13140.0								4	1
radius_erosion	Minivess	img_1	pred_19.png	43306.0	0.0	13163.0								15	1
radius_erosion	NeuroMorpho	img_0	gt.png	59104.0	0.0	0.0								0	1
radius_erosion	NeuroMorpho	img_2	gt.png	86444.0	0.0	0.0								0	1
radius_erosion	NeuroMorpho	img_2	pred_0.png	86444.0	0.0	0.0								2	1
radius_erosion	NeuroMorpho	img_2	pred_1.png	86439.0	0.0	5.0								11	1
radius_erosion	NeuroMorpho	img_2	pred_2.png	86420.0	0.0	24.0								6	1
radius_erosion	NeuroMorpho	img_2	pred_3.png	86418.0	0.0	26.0								13	1
radius_erosion	NeuroMorpho	img_2	pred_4.png	86418.0	0.0	26.0								7	1
radius_erosion	NeuroMorpho	img_2	pred_5.png	86373.0	0.0	71.0								14	1
radius_erosion	NeuroMorpho	img_2	pred_6.png	86366.0	0.0	78.0								9	1
radius_erosion	NeuroMorpho	img_2	pred_7.png	86366.0	0.0	78.0								10	1
radius_erosion	NeuroMorpho	img_2	pred_8.png	86359.0	0.0	85.0								19	1
radius_erosion	NeuroMorpho	img_2	pred_9.png	86298.0	0.0	146.0								20	1
radius_erosion	NeuroMorpho	img_2	pred_10.png	86297.0	0.0	147.0								5	1
radius_erosion	NeuroMorpho	img_2	pred_11.png	86285.0	0.0	159.0								16	1
radius_erosion	NeuroMorpho	img_2	pred_12.png	86285.0	0.0	159.0								17	1
radius_erosion	NeuroMorpho	img_2	pred_13.png	86285.0	0.0	159.0								8	1
radius_erosion	NeuroMorpho	img_2	pred_14.png	86285.0	0.0	159.0								12	1
radius_erosion	NeuroMorpho	img_2	pred_15.png	86284.0	0.0	160.0								1	1
radius_erosion	NeuroMorpho	img_2	pred_16.png	86284.0	0.0	160.0								3	1
radius_erosion	NeuroMorpho	img_2	pred_17.png	86284.0	0.0	160.0								18	1
radius_erosion	NeuroMorpho	img_2	pred_18.png	86284.0	0.0	160.0								4	1
radius_erosion	NeuroMorpho	img_2	pred_19.png	86284.0	0.0	160.0								15	1
radius_erosion	NeuroMorpho	img_1	gt.png	67749.0	0.0	0.0								0	1
missing_component_and_false_component	Roads	img_0	gt.png	148257.0	0.0	0.0	21040.0	0.0	0.0	68.0	0.0	0.0		0	1
missing_component_and_false_component	Roads	img_0	pred_0.png	147094.0	0.0	1163.0	20876.0	0.0	164.0	7.0	0.0	1.0		1	1
missing_component_and_false_component	Roads	img_0	pred_1.png	146238.0	0.0	2019.0	20734.0	0.0	306.0	6.0	0.0	2.0		6	1
missing_component_and_false_component	Roads	img_0	pred_2.png	146226.0	0.0	2031.0	20733.0	0.0	307.0	5.0	0.0	3.0		2	1
missing_component_and_false_component	Roads	img_0	pred_3.png	146226.0	145.0	2031.0	20733.0	27.0	307.0	5.0	1.0	3.0		7	1
missing_component_and_false_component	Roads	img_0	pred_4.png	146019.0	145.0	2238.0	20698.0	27.0	342.0	4.0	1.0	4.0		3	1
missing_component_and_false_component	Roads	img_0	pred_5.png	145802.0	145.0	2455.0	20663.0	27.0	377.0	3.0	1.0	5.0		8	1
missing_component_and_false_component	Roads	img_0	pred_6.png	145802.0	275.0	2455.0	20663.0	47.0	377.0	3.0	2.0	5.0		4	1
missing_component_and_false_component	Roads	img_0	pred_7.png	145802.0	928.0	2455.0	20663.0	111.0	377.0	3.0	3.0	5.0		5	1
missing_component_and_false_component	Roads	img_0	pred_8.png	141775.0	928.0	6482.0	19980.0	111.0	1060.0	2.0	3.0	6.0		9	1
missing_component_and_false_component	Roads	img_0	pred_9.png	140916.0	928.0	7341.0	19832.0	111.0	1208.0	1.0	3.0	7.0		10	1
missing_component_and_false_component	Roads	img_2	gt.png	206563.0	0.0	0.0	31942.0	0.0	0.0	69.0	0.0	0.0		0	1
missing_component_and_false_component	Roads	img_1	gt.png	190626.0	0.0	0.0	26311.0	0.0	0.0	135.0	0.0	0.0		0	1
missing_component_and_false_component	Roads	img_1	pred_0.png	190012.0	0.0	614.0	26223.0	0.0	88.0	4.0	0.0	1.0		1	1
missing_component_and_false_component	Roads	img_1	pred_1.png	190012.0	821.0	614.0	26223.0	29.0	88.0	4.0	1.0	1.0		7	1
missing_component_and_false_component	Roads	img_1	pred_2.png	190012.0	1228.0	614.0	26223.0	58.0	88.0	4.0	2.0	1.0		3	1
missing_component_and_false_component	Roads	img_1	pred_3.png	189418.0	1228.0	1208.0	26150.0	58.0	161.0	3.0	2.0	2.0		8	1
missing_component_and_false_component	Roads	img_1	pred_4.png	189418.0	1371.0	1208.0	26150.0	80.0	161.0	3.0	3.0	2.0		4	1
missing_component_and_false_component	Roads	img_1	pred_5.png	189418.0	2665.0	1208.0	26150.0	152.0	161.0	3.0	4.0	2.0		9	1
missing_component_and_false_component	Roads	img_1	pred_6.png	189418.0	2751.0	1208.0	26150.0	184.0	161.0	3.0	5.0	2.0		5	1
missing_component_and_false_component	Roads	img_1	pred_7.png	188938.0	2751.0	1688.0	26082.0	184.0	229.0	2.0	5.0	3.0		6	1
missing_component_and_false_component	Roads	img_1	pred_8.png	188938.0	3334.0	1688.0	26082.0	228.0	229.0	2.0	6.0	3.0		10	1
missing_component_and_false_component	Roads	img_1	pred_9.png	188938.0	3496.0	1688.0	26082.0	271.0	229.0	2.0	7.0	3.0		11	1
missing_component_and_false_component	Roads	img_1	pred_10.png	188706.0	3496.0	1920.0	26052.0	271.0	259.0	1.0	7.0	4.0		2	1
missing_component_and_false_component	Colon_cells	img_0	gt.png	11002.0	0.0	0.0	608.0	0.0	0.0	156.0	0.0	0.0		0	1
missing_component_and_false_component	Colon_cells	img_0	pred_0.png	10781.0	115.0	221.0	600.0	7.0	8.0	153.0	3.0	3.0		2	1
missing_component_and_false_component	Colon_cells	img_0	pred_1.png	10732.0	272.0	270.0	599.0	16.0	9.0	152.0	7.0	4.0		11	1
missing_component_and_false_component	Colon_cells	img_0	pred_2.png	10570.0	349.0	432.0	597.0	23.0	11.0	150.0	10.0	6.0		6	1
missing_component_and_false_component	Colon_cells	img_0	pred_3.png	10558.0	504.0	444.0	591.0	34.0	17.0	149.0	14.0	7.0		13	1
missing_component_and_false_component	Colon_cells	img_0	pred_4.png	10476.0	581.0	526.0	583.0	43.0	25.0	147.0	17.0	9.0		7	1
missing_component_and_false_component	Colon_cells	img_0	pred_5.png	10324.0	697.0	678.0	574.0	50.0	34.0	144.0	19.0	12.0		14	1
missing_component_and_false_component	Colon_cells	img_0	pred_6.png	10264.0	828.0	738.0	572.0	58.0	36.0	143.0	23.0	13.0		9	1
missing_component_and_false_component	Colon_cells	img_0	pred_7.png	9913.0	910.0	1089.0	549.0	63.0	59.0	140.0	25.0	16.0		10	1
missing_component_and_false_component	Colon_cells	img_0	pred_8.png	9713.0	927.0	1289.0	542.0	65.0	66.0	136.0	26.0	20.0		19	1
missing_component_and_false_component	Colon_cells	img_0	pred_9.png	9612.0	1095.0	1390.0	540.0	72.0	68.0	134.0	29.0	22.0		20	1
missing_component_and_false_component	Colon_cells	img_0	pred_10.png	9547.0	1200.0	1455.0	536.0	81.0	72.0	133.0	32.0	23.0		5	1
missing_component_and_false_component	Colon_cells	img_0	pred_11.png	9271.0	1253.0	1731.0	523.0	83.0	85.0	129.0	33.0	27.0		16	1
missing_component_and_false_component	Colon_cells	img_0	pred_12.png	8958.0	1262.0	2044.0	507.0	86.0	101.0	125.0	34.0	31.0		17	1
missing_component_and_false_component	Colon_cells	img_0	pred_13.png	8667.0	1300.0	2335.0	495.0	89.0	113.0	121.0	35.0	35.0		8	1
missing_component_and_false_component	Colon_cells	img_0	pred_14.png	8526.0	1390.0	2476.0	482.0	99.0	126.0	119.0	38.0	37.0		12	1
missing_component_and_false_component	Colon_cells	img_0	pred_15.png	8445.0	1574.0	2557.0	473.0	106.0	135.0	117.0	41.0	39.0		1	1
missing_component_and_false_component	Colon_cells	img_0	pred_16.png	8214.0	1574.0	2788.0	455.0	106.0	153.0	112.0	41.0	44.0		3	1
missing_component_and_false_component	Colon_cells	img_0	pred_17.png	8156.0	1620.0	2846.0	453.0	116.0	155.0	111.0	45.0	45.0		18	1
missing_component_and_false_component	Colon_cells	img_0	pred_18.png	8107.0	1776.0	2895.0	452.0	128.0	156.0	110.0	49.0	46.0		4	1
missing_component_and_false_component	Colon_cells	img_0	pred_19.png	7795.0	1862.0	3207.0	439.0	133.0	169.0	107.0	51.0	49.0		15	1
missing_component_and_false_component	Colon_cells	img_2	gt.png	22641.0	0.0	0.0	1257.0	0.0	0.0	239.0	0.0	0.0		0	1
missing_component_and_false_component	Colon_cells	img_2	pred_0.png	22510.0	248.0	131.0	1252.0	13.0	5.0	237.0	4.0	2.0		2	1
missing_component_and_false_component	Colon_cells	img_2	pred_1.png	22229.0	286.0	412.0	1244.0	18.0	13.0	233.0	5.0	6.0		11	1
missing_component_and_false_component	Colon_cells	img_2	pred_2.png	21977.0	308.0	664.0	1235.0	21.0	22.0	229.0	6.0	10.0		6	1
missing_component_and_false_component	Colon_cells	img_2	pred_3.png	21655.0	332.0	986.0	1211.0	27.0	46.0	226.0	8.0	13.0		13	1
missing_component_and_false_component	Colon_cells	img_2	pred_4.png	21312.0	480.0	1329.0	1196.0	28.0	61.0	222.0	9.0	17.0		7	1
missing_component_and_false_component	Colon_cells	img_2	pred_5.png	20726.0	502.0	1915.0	1164.0	33.0	93.0	218.0	10.0	21.0		14	1
missing_component_and_false_component	Colon_cells	img_2	pred_6.png	20472.0	591.0	2169.0	1160.0	40.0	97.0	215.0	12.0	24.0		9	1
missing_component_and_false_component	Colon_cells	img_2	pred_7.png	20423.0	806.0	2218.0	1159.0	53.0	98.0	214.0	16.0	25.0		10	1
missing_component_and_false_component	Colon_cells	img_2	pred_8.png	20291.0	1034.0	2350.0	1157.0	61.0	100.0	212.0	19.0	27.0		19	1
missing_component_and_false_component	Colon_cells	img_2	pred_9.png	20283.0	1187.0	2358.0	1153.0	78.0	104.0	211.0	23.0	28.0		20	1
missing_component_and_false_component	Colon_cells	img_2	pred_10.png	20220.0	1311.0	2421.0	1150.0	89.0	107.0	210.0	26.0	29.0		5	1
missing_component_and_false_component	Colon_cells	img_2	pred_11.png	20026.0	1515.0	2615.0	1140.0	94.0	117.0	207.0	28.0	32.0		16	1
missing_component_and_false_component	Colon_cells	img_2	pred_12.png	19701.0	1629.0	2940.0	1115.0	103.0	142.0	203.0	30.0	36.0		17	1
missing_component_and_false_component	Colon_cells	img_2	pred_13.png	19406.0	1821.0	3235.0	1108.0	108.0	149.0	200.0	32.0	39.0		8	1
missing_component_and_false_component	Colon_cells	img_2	pred_14.png	19244.0	1906.0	3397.0	1106.0	122.0	151.0	198.0	35.0	41.0		12	1
missing_component_and_false_component	Colon_cells	img_2	pred_15.png	19073.0	2214.0	3568.0	1103.0	130.0	154.0	196.0	38.0	43.0		1	1
missing_component_and_false_component	Colon_cells	img_2	pred_16.png	18901.0	2297.0	3740.0	1091.0	138.0	166.0	195.0	42.0	44.0		3	1
missing_component_and_false_component	Colon_cells	img_2	pred_17.png	18554.0	2551.0	4087.0	1070.0	150.0	187.0	193.0	45.0	46.0		18	1
missing_component_and_false_component	Colon_cells	img_2	pred_18.png	18464.0	2616.0	4177.0	1068.0	163.0	189.0	192.0	49.0	47.0		4	1
missing_component_and_false_component	Colon_cells	img_2	pred_19.png	18159.0	2909.0	4482.0	1057.0	169.0	200.0	189.0	51.0	50.0		15	1
missing_component_and_false_component	Colon_cells	img_1	gt.png	23563.0	0.0	0.0	1374.0	0.0	0.0	279.0	0.0	0.0		0	1
missing_component_and_false_component	Colon_cells	img_1	pred_0.png	23282.0	64.0	281.0	1359.0	6.0	15.0	274.0	1.0	5.0		2	1
missing_component_and_false_component	Colon_cells	img_1	pred_1.png	22983.0	119.0	580.0	1342.0	11.0	32.0	271.0	3.0	8.0		11	1
missing_component_and_false_component	Colon_cells	img_1	pred_2.png	22931.0	393.0	632.0	1340.0	25.0	34.0	270.0	7.0	9.0		6	1
missing_component_and_false_component	Colon_cells	img_1	pred_3.png	22571.0	402.0	992.0	1316.0	27.0	58.0	266.0	8.0	13.0		13	1
missing_component_and_false_component	Colon_cells	img_1	pred_4.png	22338.0	506.0	1225.0	1310.0	36.0	64.0	264.0	11.0	15.0		7	1
missing_component_and_false_component	Colon_cells	img_1	pred_5.png	22268.0	666.0	1295.0	1302.0	49.0	72.0	262.0	14.0	17.0		14	1
missing_component_and_false_component	Colon_cells	img_1	pred_6.png	21883.0	726.0	1680.0	1286.0	52.0	88.0	258.0	15.0	21.0		9	1
missing_component_and_false_component	Colon_cells	img_1	pred_7.png	21555.0	815.0	2008.0	1273.0	58.0	101.0	255.0	17.0	24.0		10	1
missing_component_and_false_component	Colon_cells	img_1	pred_8.png	20904.0	843.0	2659.0	1218.0	62.0	156.0	251.0	18.0	28.0		19	1
missing_component_and_false_component	Colon_cells	img_1	pred_9.png	20762.0	1018.0	2801.0	1210.0	66.0	164.0	248.0	20.0	31.0		20	1
missing_component_and_false_component	Colon_cells	img_1	pred_10.png	20664.0	1178.0	2899.0	1208.0	74.0	166.0	246.0	22.0	33.0		5	1
missing_component_and_false_component	Colon_cells	img_1	pred_11.png	20431.0	1330.0	3132.0	1198.0	79.0	176.0	243.0	24.0	36.0		16	1
missing_component_and_false_component	Colon_cells	img_1	pred_12.png	20279.0	1358.0	3284.0	1192.0	88.0	182.0	240.0	26.0	39.0		17	1
missing_component_and_false_component	Colon_cells	img_1	pred_13.png	20134.0	1540.0	3429.0	1181.0	98.0	193.0	238.0	29.0	41.0		8	1
missing_component_and_false_component	Colon_cells	img_1	pred_14.png	19995.0	1648.0	3568.0	1178.0	103.0	196.0	236.0	32.0	43.0		12	1
missing_component_and_false_component	Colon_cells	img_1	pred_15.png	19757.0	1737.0	3806.0	1160.0	109.0	214.0	233.0	34.0	46.0		1	1
missing_component_and_false_component	Colon_cells	img_1	pred_16.png	19466.0	1794.0	4097.0	1135.0	119.0	239.0	231.0	37.0	48.0		3	1
missing_component_and_false_component	Colon_cells	img_1	pred_17.png	19296.0	1808.0	4267.0	1122.0	122.0	252.0	228.0	39.0	51.0		18	1
missing_component_and_false_component	Colon_cells	img_1	pred_18.png	18983.0	1808.0	4580.0	1113.0	122.0	261.0	223.0	39.0	56.0		4	1
missing_component_and_false_component	Colon_cells	img_1	pred_19.png	18859.0	1902.0	4704.0	1107.0	130.0	267.0	221.0	42.0	58.0		15	1
missing_component_and_false_component	CREMI	img_0	gt.png	25478.0	0.0	0.0	8960.0	0.0	0.0	3.0	0.0	0.0		0	1
missing_component_and_false_component	CREMI	img_2	gt.png	25641.0	0.0	0.0	9016.0	0.0	0.0	4.0	0.0	0.0		0	1
missing_component_and_false_component	CREMI	img_1	gt.png	25520.0	0.0	0.0	8892.0	0.0	0.0	5.0	0.0	0.0		0	1
missing_component_and_false_component	LES-AV	img_0	gt.png	158725.0	0.0	0.0	16428.0	0.0	0.0	2.0	0.0	0.0		0	1
missing_component_and_false_component	LES-AV	img_2	gt.png	224228.0	0.0	0.0	18647.0	0.0	0.0	1.0	0.0	0.0		0	1
missing_component_and_false_component	LES-AV	img_1	gt.png	209704.0	0.0	0.0	20096.0	0.0	0.0	2.0	0.0	0.0		0	1
missing_component_and_false_component	Minivess	img_0	gt.png	63267.0	0.0	0.0	3009.0	0.0	0.0	22.0	0.0	0.0		0	1
missing_component_and_false_component	Minivess	img_0	pred_0.png	62252.0	726.0	1015.0	2770.0	17.0	239.0	20.0	1.0	2.0		2	1
missing_component_and_false_component	Minivess	img_0	pred_1.png	62247.0	732.0	1020.0	2769.0	18.0	240.0	19.0	2.0	3.0		11	1
missing_component_and_false_component	Minivess	img_0	pred_2.png	62247.0	1849.0	1020.0	2769.0	98.0	240.0	19.0	3.0	3.0		6	1
missing_component_and_false_component	Minivess	img_0	pred_3.png	62000.0	1849.0	1267.0	2735.0	98.0	274.0	17.0	3.0	5.0		13	1
missing_component_and_false_component	Minivess	img_0	pred_4.png	62000.0	2197.0	1267.0	2735.0	138.0	274.0	17.0	5.0	5.0		7	1
missing_component_and_false_component	Minivess	img_0	pred_5.png	61207.0	2197.0	2060.0	2693.0	138.0	316.0	15.0	5.0	7.0		14	1
missing_component_and_false_component	Minivess	img_0	pred_6.png	61202.0	3439.0	2065.0	2692.0	171.0	317.0	14.0	6.0	8.0		9	1
missing_component_and_false_component	Minivess	img_0	pred_7.png	60926.0	3439.0	2341.0	2640.0	171.0	369.0	13.0	6.0	9.0		10	1
missing_component_and_false_component	Minivess	img_0	pred_8.png	60564.0	3439.0	2703.0	2557.0	171.0	452.0	11.0	6.0	11.0		19	1
missing_component_and_false_component	Minivess	img_0	pred_9.png	60564.0	9984.0	2703.0	2557.0	261.0	452.0	11.0	8.0	11.0		20	1
missing_component_and_false_component	Minivess	img_0	pred_10.png	60564.0	15633.0	2703.0	2557.0	362.0	452.0	11.0	10.0	11.0		5	1
missing_component_and_false_component	Minivess	img_0	pred_11.png	60512.0	15875.0	2755.0	2555.0	371.0	454.0	10.0	11.0	12.0		16	1
missing_component_and_false_component	Minivess	img_0	pred_12.png	60243.0	15875.0	3024.0	2524.0	371.0	485.0	9.0	11.0	13.0		17	1
missing_component_and_false_component	Minivess	img_0	pred_13.png	60142.0	15875.0	3125.0	2495.0	371.0	514.0	7.0	11.0	15.0		8	1
missing_component_and_false_component	Minivess	img_0	pred_14.png	60142.0	19234.0	3125.0	2495.0	399.0	514.0	7.0	13.0	15.0		12	1
missing_component_and_false_component	Minivess	img_0	pred_15.png	59831.0	19606.0	3436.0	2422.0	489.0	587.0	6.0	14.0	16.0		1	1
missing_component_and_false_component	Minivess	img_0	pred_16.png	59733.0	19902.0	3534.0	2405.0	500.0	604.0	5.0	15.0	17.0		3	1
missing_component_and_false_component	Minivess	img_0	pred_17.png	59661.0	19902.0	3606.0	2393.0	500.0	616.0	4.0	15.0	18.0		18	1
missing_component_and_false_component	Minivess	img_0	pred_18.png	59413.0	20536.0	3854.0	2329.0	523.0	680.0	3.0	16.0	19.0		4	1
missing_component_and_false_component	Minivess	img_0	pred_19.png	59323.0	20884.0	3944.0	2308.0	580.0	701.0	2.0	17.0	20.0		15	1
missing_component_and_false_component	Minivess	img_2	gt.png	44722.0	0.0	0.0	2022.0	0.0	0.0	42.0	0.0	0.0		0	1
missing_component_and_false_component	Minivess	img_2	pred_0.png	44555.0	2064.0	167.0	2007.0	40.0	15.0	39.0	2.0	3.0		2	1
missing_component_and_false_component	Minivess	img_2	pred_1.png	44457.0	3705.0	265.0	1994.0	68.0	28.0	36.0	4.0	6.0		11	1
missing_component_and_false_component	Minivess	img_2	pred_2.png	44449.0	4486.0	273.0	1992.0	123.0	30.0	35.0	8.0	7.0		6	1
missing_component_and_false_component	Minivess	img_2	pred_3.png	44406.0	5922.0	316.0	1986.0	162.0	36.0	33.0	10.0	9.0		13	1
missing_component_and_false_component	Minivess	img_2	pred_4.png	44365.0	6602.0	357.0	1982.0	195.0	40.0	32.0	13.0	10.0		7	1
missing_component_and_false_component	Minivess	img_2	pred_5.png	43132.0	7161.0	1590.0	1877.0	206.0	145.0	28.0	14.0	14.0		14	1
missing_component_and_false_component	Minivess	img_2	pred_6.png	42706.0	7980.0	2016.0	1827.0	264.0	195.0	26.0	17.0	16.0		9	1
missing_component_and_false_component	Minivess	img_2	pred_7.png	42376.0	9010.0	2346.0	1767.0	323.0	255.0	25.0	20.0	17.0		10	1
missing_component_and_false_component	Minivess	img_2	pred_8.png	42131.0	9411.0	2591.0	1729.0	353.0	293.0	23.0	22.0	19.0		19	1
missing_component_and_false_component	Minivess	img_2	pred_9.png	41869.0	13149.0	2853.0	1697.0	420.0	325.0	21.0	26.0	21.0		20	1
missing_component_and_false_component	Minivess	img_2	pred_10.png	41869.0	15087.0	2853.0	1697.0	496.0	325.0	21.0	31.0	21.0		5	1
missing_component_and_false_component	Minivess	img_2	pred_11.png	41606.0	15313.0	3116.0	1651.0	500.0	371.0	18.0	32.0	24.0		16	1
missing_component_and_false_component	Minivess	img_2	pred_12.png	38308.0	15775.0	6414.0	1550.0	510.0	472.0	15.0	33.0	27.0		17	1
missing_component_and_false_component	Minivess	img_2	pred_13.png	38122.0	17395.0	6600.0	1521.0	596.0	501.0	13.0	36.0	29.0		8	1
missing_component_and_false_component	Minivess	img_2	pred_14.png	5242.0	21518.0	39480.0	379.0	739.0	1643.0	12.0	40.0	30.0		12	1
missing_component_and_false_component	Minivess	img_2	pred_15.png	4587.0	21906.0	40135.0	289.0	759.0	1733.0	9.0	41.0	33.0		1	1
missing_component_and_false_component	Minivess	img_2	pred_16.png	4516.0	22031.0	40206.0	286.0	800.0	1736.0	7.0	43.0	35.0		3	1
missing_component_and_false_component	Minivess	img_2	pred_17.png	4417.0	26857.0	40305.0	269.0	856.0	1753.0	5.0	46.0	37.0		18	1
missing_component_and_false_component	Minivess	img_2	pred_18.png	4300.0	27165.0	40422.0	247.0	949.0	1775.0	4.0	50.0	38.0		4	1
missing_component_and_false_component	Minivess	img_2	pred_19.png	3912.0	27216.0	40810.0	177.0	965.0	1845.0	1.0	51.0	41.0		15	1
missing_component_and_false_component	Minivess	img_1	gt.png	56469.0	0.0	0.0	2510.0	0.0	0.0	27.0	0.0	0.0		0	1
missing_component_and_false_component	Minivess	img_1	pred_0.png	56385.0	3603.0	84.0	2501.0	84.0	9.0	26.0	3.0	1.0		2	1
missing_component_and_false_component	Minivess	img_1	pred_1.png	56385.0	3915.0	84.0	2501.0	154.0	9.0	26.0	5.0	1.0		11	1
missing_component_and_false_component	Minivess	img_1	pred_2.png	56196.0	6271.0	273.0	2464.0	193.0	46.0	24.0	6.0	3.0		6	1
missing_component_and_false_component	Minivess	img_1	pred_3.png	56163.0	8960.0	306.0	2460.0	256.0	50.0	23.0	8.0	4.0		13	1
missing_component_and_false_component	Minivess	img_1	pred_4.png	56163.0	13403.0	306.0	2460.0	313.0	50.0	23.0	10.0	4.0		7	1
missing_component_and_false_component	Minivess	img_1	pred_5.png	56163.0	13957.0	306.0	2460.0	390.0	50.0	23.0	13.0	4.0		14	1
missing_component_and_false_component	Minivess	img_1	pred_6.png	56028.0	13957.0	441.0	2436.0	390.0	74.0	20.0	13.0	7.0		9	1
missing_component_and_false_component	Minivess	img_1	pred_7.png	55318.0	14075.0	1151.0	2365.0	417.0	145.0	19.0	14.0	8.0		10	1
missing_component_and_false_component	Minivess	img_1	pred_8.png	54980.0	15783.0	1489.0	2342.0	489.0	168.0	17.0	15.0	10.0		19	1
missing_component_and_false_component	Minivess	img_1	pred_9.png	54969.0	16044.0	1500.0	2340.0	501.0	170.0	16.0	16.0	11.0		20	1
missing_component_and_false_component	Minivess	img_1	pred_10.png	54907.0	16892.0	1562.0	2323.0	523.0	187.0	15.0	18.0	12.0		5	1
missing_component_and_false_component	Minivess	img_1	pred_11.png	54620.0	16892.0	1849.0	2272.0	523.0	238.0	12.0	18.0	15.0		16	1
missing_component_and_false_component	Minivess	img_1	pred_12.png	54606.0	18098.0	1863.0	2269.0	563.0	241.0	11.0	19.0	16.0		17	1
missing_component_and_false_component	Minivess	img_1	pred_13.png	54606.0	19447.0	1863.0	2269.0	651.0	241.0	11.0	22.0	16.0		8	1
missing_component_and_false_component	Minivess	img_1	pred_14.png	54444.0	20211.0	2025.0	2239.0	716.0	271.0	10.0	24.0	17.0		12	1
missing_component_and_false_component	Minivess	img_1	pred_15.png	54351.0	20211.0	2118.0	2233.0	716.0	277.0	8.0	24.0	19.0		1	1
missing_component_and_false_component	Minivess	img_1	pred_16.png	54245.0	21345.0	2224.0	2217.0	743.0	293.0	6.0	25.0	21.0		3	1
missing_component_and_false_component	Minivess	img_1	pred_17.png	54018.0	23942.0	2451.0	2197.0	845.0	313.0	5.0	27.0	22.0		18	1
missing_component_and_false_component	Minivess	img_1	pred_18.png	53861.0	23942.0	2608.0	2172.0	845.0	338.0	3.0	27.0	24.0		4	1
missing_component_and_false_component	Minivess	img_1	pred_19.png	53686.0	23947.0	2783.0	2141.0	846.0	369.0	1.0	28.0	26.0		15	1
missing_component_and_false_component	NeuroMorpho	img_0	gt.png	59104.0	0.0	0.0	18614.0	0.0	0.0	1.0	0.0	0.0		0	1
missing_component_and_false_component	NeuroMorpho	img_2	gt.png	86444.0	0.0	0.0	26268.0	0.0	0.0	1.0	0.0	0.0		0	1
missing_component_and_false_component	NeuroMorpho	img_1	gt.png	67749.0	0.0	0.0	21776.0	0.0	0.0	1.0	0.0	0.0		0	1
